Datum;ID;Marke;Name;Preis;Gewicht
2024-01-21;8602177;ja!;Ja! Apfelnektar 1,5l;145;1,50l (1 l = 0,97 €)
2024-01-21;8595513;ja!;Ja! Apfelsaft 1l;99;1l
2024-01-21;8021806;ja!;Ja! Barbecue Sauce 250ml;99;250ml (1 l = 3,96 €)
2024-01-21;7084985;ja!;Ja! Brechbohnen 1000g;219;1000g
2024-01-21;8014425;ja!;Ja! Cappuccino Classic 200g;199;200g (1 kg = 9,95 €)
2024-01-21;8016049;ja!;Ja! Cappuccino weniger süß 200g;199;200g (1 kg = 9,95 €)
2024-01-21;7225094;ja!;Ja! Cashewkerne Pikant 150g;219;150g (1 kg = 14,60 €)
2024-01-21;8445118;ja!;Ja! Crème Fraîche mit Kräutern 200g;99;200g (1 kg = 4,95 €)
2024-01-21;8443313;ja!;Ja! Crème leicht 14,5% Fett 200g;99;200g (1 kg = 4,95 €)
2024-01-21;7067036;ja!;Ja! Erdnuss Chocs Bunt 400g;219;400g (1 kg = 5,48 €)
2024-01-21;8471628;ja!;Ja! Essigessenz 400g;79;400g (1 kg = 1,98 €)
2024-01-21;8015460;ja!;Ja! Grüne Peperoni 150g;199;150g (1 kg = 13,27 €)
2024-01-21;8032788;ja!;Ja! Kartoffelknödel halb und halb 309g;99;309g (1 kg = 3,20 €)
2024-01-21;8399819;ja!;Ja! Kokos Schokoriegel 12 Minis 400g;299;400g (1 kg = 7,48 €)
2024-01-21;8081196;ja!;Ja! Küchenmesser 2 Stück;199;2 Stück
2024-01-21;8002548;ja!;Ja! Macadamia geröstet & gesalzen 125g;199;125g (1 kg = 15,92 €)
2024-01-21;3167734;ja!;Ja! Mignon Waffeln 400g;199;400g (1 kg = 4,98 €)
2024-01-21;8075601;ja!;Ja! Oliven grün ohne Stein 170g;119;170g (1 kg = 7 €)
2024-01-21;8268091;ja!;Ja! Pesto alla Calabrese 190g;129;190g (1 kg = 6,79 €)
2024-01-21;8288407;ja!;Ja! Pizza Salami 3x350g;399;3x350g (1 kg = 3,80 €)
2024-01-21;7097534;ja!;Ja! Prinzessbohnen 1000g;219;1000g
2024-01-21;8433245;ja!;Ja! Reibekäse leicht 30% Fett 250g;199;250g (1 kg = 7,96 €)
2024-01-21;8271521;ja!;Ja! Sahnejoghurt nach griechischer Art 1kg;199;1g
2024-01-21;2369956;ja!;Ja! Schwarzer Pfeffer gemahlen 50g;79;50g (1 kg = 15,80 €)
2024-01-21;3155797;ja!;Ja! Semmelknödel 6er 200g;99;200g (1 kg = 4,95 €)
2024-01-21;3151968;ja!;Ja! Soft-Aprikosen 250g;249;250g (1 kg = 9,96 €)
2024-01-21;8286437;ja!;Ja! Versandtaschen DIN C5 ohne Fenster 10 Stück;219;10 Stück
2024-01-21;7888733;ja!;Ja! Windbeutel mit Kirschen 400g;429;400g (1 kg = 10,73 €)
2024-01-21;8368617;ja!;ja! 5-Frucht-Cocktail 500g;199;500g (1 kg = 3,98 €)
2024-01-21;8397514;ja!;ja! 6 Kartoffel Knödel halb & halb 200g;99;200g (1 kg = 4,95 €)
2024-01-21;7236359;ja!;ja! ACE-Vitamin-Getränk 1l;119;1l
2024-01-21;397387;ja!;ja! Aceto Balsamico di Modena 500ml;169;500ml (1 l = 3,38 €)
2024-01-21;8681729;ja!;ja! Activ-Schorle Pfirsich-Melonengeschmack 0,75l;59;0,75l (1 l = 0,79 €)
2024-01-21;8682693;ja!;ja! Activ-Schorle Pfirsich-Melonengeschmack 6x0,75l;354;6x0,75l (1 l = 0,79 €)
2024-01-21;6790127;ja!;ja! Alpenvollmilch Haselnuss Schokolade 100g;59;100g (1 kg = 5,90 €)
2024-01-21;7938726;ja!;ja! Alpenvollmilch Schokolade Traube Nuss 100g;75;100g (1 kg = 7,50 €)
2024-01-21;6790143;ja!;ja! Alpenvollmilch-Schokolade 100g;59;100g (1 kg = 5,90 €)
2024-01-21;2105247;ja!;ja! Alufolie 50m;325;50m (1 m  = 0,07 €)
2024-01-21;8597281;ja!;ja! American Dressing 250ml;99;250ml (1 l = 3,96 €)
2024-01-21;5351065;ja!;ja! American Sandwich 750g;139;750g (1 kg = 1,85 €)
2024-01-21;8548385;ja!;ja! Ananas ganze Scheiben in eigenem Saft 340g;149;340g (1 kg = 4,38 €)
2024-01-21;8554014;ja!;ja! Ananasstücke in eigenem Saft 340g;149;340g (1 kg = 4,38 €)
2024-01-21;8902707;ja!;ja! Antipasti Teller 210g;289;210g (1 kg = 13,76 €)
2024-01-21;8952529;ja!;ja! Antipasticreme Kirsch-Paprika 150g;179;150g (1 kg = 11,93 €)
2024-01-21;8600224;ja!;ja! Anzündwürfel 64 Stück;189;64 Stück
2024-01-21;518751;ja!;ja! Apelschorle 1,5l;99;1,50l (1 l = 0,66 €)
2024-01-21;2394739;ja!;ja! Apfel Holunder Schorle 6x0,5l;234;6x0,50l (1 l = 0,78 €)
2024-01-21;7776564;ja!;ja! Apfel Streuselkuchen 1250g;479;1250g (1 kg = 3,83 €)
2024-01-21;2394735;ja!;ja! Apfel-Holunderblüte Erfrischungsgetränk 0,5l;39;0,50l (1 l = 0,78 €)
2024-01-21;3026485;ja!;ja! Apfelmus 710g;89;710g (1 kg = 1,25 €)
2024-01-21;7892514;ja!;ja! Apfelnektar 6x1,5l;870;6x1,50l (1 l = 0,97 €)
2024-01-21;7898682;ja!;ja! Apfelsaft 6x1l;594;6x1l (1 l = 0,99 €)
2024-01-21;518565;ja!;ja! Apfelschorle 0,5l;37;0,50l (1 l = 0,74 €)
2024-01-21;520322;ja!;ja! Apfelschorle 6x0,5l;222;6x0,50l (1 l = 0,74 €)
2024-01-21;520330;ja!;ja! Apfelschorle 6x1,5l;594;6x1,50l (1 l = 0,66 €)
2024-01-21;8361527;ja!;ja! Ayran 250ml;55;250ml (1 l = 2,20 €)
2024-01-21;8864750;ja!;ja! Baby C Alkaline Batterien 2 Stück;129;2 Stück
2024-01-21;8626092;ja!;ja! Back-Camembert 300g;229;300g (1 kg = 7,63 €)
2024-01-21;8543757;ja!;ja! Backcamembert mit Wild-Preiselbeerdip 350g;299;350g (1 kg = 8,54 €)
2024-01-21;2236174;ja!;ja! Backfertiger Pizzateig mit Sauce 600g;229;600g (1 kg = 3,82 €)
2024-01-21;8633310;ja!;ja! Backfisch Stäbchen 405g;279;405g (1 kg = 6,89 €)
2024-01-21;7218643;ja!;ja! Backpapier Rolle 20m;159;20m (1 m = 0,08 €)
2024-01-21;1317360;ja!;ja! Backpapierzuschnitte 30 Stück;115;30 Stück
2024-01-21;1478263;ja!;ja! Backpulver 10x15g;65;10x15g (1 kg = 4,33 €)
2024-01-21;130082;ja!;ja! Bacon Mais-Reis-Snack Schinkengeschmack 125g;119;125g (1 kg = 9,52 €)
2024-01-21;7955686;ja!;ja! Bacon in Streifen 250g;295;250g (1 kg = 11,80 €)
2024-01-21;7878218;ja!;ja! Bacon-Ei Sandwich 160g;199;160g (1 kg = 12,44 €)
2024-01-21;8591851;ja!;ja! Badreiniger Lemon 1l;95;1l
2024-01-21;8556568;ja!;ja! Bagels mit Sesam 340g;169;340g (1 kg = 4,97 €)
2024-01-21;5353157;ja!;ja! Baguettebrötchen 300g, 6 Stück;69;300g (1 kg = 2,30 €)
2024-01-21;8452565;ja!;ja! Bami Goreng 750g;339;750g (1 kg = 4,52 €)
2024-01-21;455217;ja!;ja! Banane ca. 200g;26;1 Stück ca. 200 g (1 kg = 1,29 €)
2024-01-21;7087342;ja!;ja! Basmati Reis 1kg;299;1000g
2024-01-21;7770353;ja!;ja! Batterien AA 8 Stück;155;8 Stück
2024-01-21;7771152;ja!;ja! Batterien AAA 8 Stück;155;8 Stück
2024-01-21;8783945;ja!;ja! Batterien Akku AAA 4 Stück;499;4 Stück
2024-01-21;8255692;ja!;ja! Bauchspeck geräuchert 2 Scheiben 300g;329;300g (1 kg = 10,97 €)
2024-01-21;7009615;ja!;ja! Bayerischer Leberkäse 400g;365;400g (1 kg = 9,13 €)
2024-01-21;2317794;ja!;ja! Beeren-Mischung 750g;269;750g (1 kg = 3,59 €)
2024-01-21;1042260;ja!;ja! Belegkirschen 100g;139;100g (1 kg = 13,90 €)
2024-01-21;8053256;ja!;ja! Bergkäse am Stück 250g;285;250g (1 kg = 11,40 €)
2024-01-21;8403753;ja!;ja! Biokompostbeutel 10l 20 Stück;155;20 Stück
2024-01-21;7693369;ja!;ja! Biscuits 172g;149;172g (1 kg = 8,66 €)
2024-01-21;518190;ja!;ja! Bitter Lemon 1,5l;75;1,50l (1 l = 0,50 €)
2024-01-21;7878963;ja!;ja! Blattsalat Mix 150g;89;150g (1 kg = 5,93 €)
2024-01-21;8766834;ja!;ja! Blattspinat 1kg;219;1000g
2024-01-21;7067903;ja!;ja! Blumenkohl tiefgefroren 1kg;219;1000g
2024-01-21;7907373;ja!;ja! Blätterteig 275g;89;275g (1 kg = 3,24 €)
2024-01-21;7845762;ja!;ja! Blütenhonig cremig streichzart 500g;299;500g (1 kg = 5,98 €)
2024-01-21;8676858;ja!;ja! Blütenhonig flüssig 500g;319;500g (1 kg = 6,38 €)
2024-01-21;7845005;ja!;ja! Blütenhonig zart-fließend 500g;319;500g (1 kg = 6,38 €)
2024-01-21;843202;ja!;ja! Bockwurst in Eigenhaut 250g, 5 Stück;229;250g (1 kg = 9,16 €)
2024-01-21;6195873;ja!;ja! Bockwürstchen in zarter Eigenhaut 360g, 8 Stück;329;360g (1 kg = 9,14 €)
2024-01-21;6539912;ja!;ja! Bordelaise Schlemmer-Filet 400g;279;400g (1 kg = 6,98 €)
2024-01-21;7941645;ja!;ja! Bratheringsfilets in würziger Marinade MSC 200g;199;200g (1 kg = 9,95 €)
2024-01-21;8540029;ja!;ja! Bratkarotffeln mit Speck und Zwiebeln 400g;149;400g (1 kg = 3,73 €)
2024-01-21;7933793;ja!;ja! Bratkartoffeln mit Zwiebel 400g;149;400g (1 kg = 3,73 €)
2024-01-21;7856044;ja!;ja! Bratkartoffelpfanne 600g;289;600g (1 kg = 4,82 €)
2024-01-21;7264938;ja!;ja! Brechbohnen 360g;99;360g (1 kg = 2,75 €)
2024-01-21;8601123;ja!;ja! Brenn-Spiritus 1l;299;1l
2024-01-21;7156260;ja!;ja! Brie 200g;199;200g (1 kg = 9,95 €)
2024-01-21;8288182;ja!;ja! Briefumschläge C6 ohne Fenster 100 Stück;399;100 Stück
2024-01-21;8289473;ja!;ja! Briefumschläge DIN lang selbstklebend ohne Fenster 50 Stück;239;50 Stück
2024-01-21;8088095;ja!;ja! Briefumschläge mit Fenster DIN lang 50 Stück;239;50 Stück
2024-01-21;8400076;ja!;ja! Brillen-Putztücher 54 Stück;89;54 Stück
2024-01-21;7073900;ja!;ja! Broccoli Röschen tiefgefroren 1kg;219;1000g
2024-01-21;8291795;ja!;ja! Brot-Backmischung Roggenmischbrot 1kg;129;1kg
2024-01-21;8292793;ja!;ja! Brot-Backmischung Sonnenblumen-Brot 1kg;129;1kg
2024-01-21;8963612;ja!;ja! Brotchips Tomate-Olive 250g;179;250g (1 kg = 7,16 €)
2024-01-21;5349664;ja!;ja! Butter-Toastbrot 500g;99;500g (1 kg = 1,98 €)
2024-01-21;8633128;ja!;ja! Butterbrot Tüten 100 Stück;145;100 Stück
2024-01-21;5960010;ja!;ja! Buttergemüse mit feiner Butter-Kräuter-Sauce 300g;89;300g (1 kg = 2,97 €)
2024-01-21;79949;ja!;ja! Butterkekse 400g;189;400g (1 kg = 4,73 €)
2024-01-21;2057494;ja!;ja! Butterkäse 400g;279;400g (1 kg = 6,98 €)
2024-01-21;8361648;ja!;ja! Buttermilch Dessert Erdbeer-Vanille 200g;55;200g (1 kg = 2,75 €)
2024-01-21;8361351;ja!;ja! Buttermilch Dessert Kirsch-Vanille 200g;55;200g (1 kg = 2,75 €)
2024-01-21;8361253;ja!;ja! Buttermilch Dessert Orange-Sanddorn 200g;55;200g (1 kg = 2,75 €)
2024-01-21;8361052;ja!;ja! Buttermilch Dessert Zitrone-Limette 200g;55;200g (1 kg = 2,75 €)
2024-01-21;8985930;ja!;ja! Cabanossi 300g;299;300g (1 kg = 9,97 €)
2024-01-21;7689955;ja!;ja! Cafe Crema 40 Pads, 280g;399;280g (1 kg = 14,25 €)
2024-01-21;2464563;ja!;ja! Caffè Crema Ganze Bohnen 100% Arabica 1kg;879;1000g
2024-01-21;2464558;ja!;ja! Caffè Espresso Ganze Bohnen 100% Arabica 1kg;879;1000g
2024-01-21;6780172;ja!;ja! Camembert 125g;109;125g (1 kg = 8,72 €)
2024-01-21;7076962;ja!;ja! Cannelloni Vier Käse mit Spinatfüllung 400g;189;400g (1 kg = 4,73 €)
2024-01-21;2311667;ja!;ja! Cashew-Erdnuss-Mix Honig & Salz 200g;229;200g (1 kg = 11,45 €)
2024-01-21;2169511;ja!;ja! Cashewkerne geröstet & gesalzen 150g;219;150g (1 kg = 14,60 €)
2024-01-21;8889713;ja!;ja! Cashewkerne geröstet & ungesalzen 150g;219;150g (1 kg = 14,60 €)
2024-01-21;3150583;ja!;ja! Cashewkerne natur 200g;229;200g (1 kg = 11,45 €)
2024-01-21;8787703;ja!;ja! Cerealien Creamy Bits 500g;279;500g (1 kg = 5,58 €)
2024-01-21;8854600;ja!;ja! Cerealien Leo Crisps 750g;279;750g (1 kg = 3,72 €)
2024-01-21;8789204;ja!;ja! Cerealien White Wheaties 600g;279;600g (1 kg = 4,65 €)
2024-01-21;8339719;ja!;ja! Cevapcici für Pfanne und Grill 1kg;999;1000g
2024-01-21;6697100;ja!;ja! Cevapcici mit Gemüse und Reis 300g;199;300g (1 kg = 6,63 €)
2024-01-21;2871874;ja!;ja! Champignons 1. Wahl 230g;149;230g (1 kg = 6,48 €)
2024-01-21;923266;ja!;ja! Champignons 1. Wahl in Scheiben 170g;109;170g (1 kg = 6,41 €)
2024-01-21;2871971;ja!;ja! Champignons dritte Wahl geschnitten 170g;89;170g (1 kg = 5,24 €)
2024-01-21;8926272;ja!;ja! Cheddar in Scheiben 175g;219;175g (1 kg = 12,51 €)
2024-01-21;8851644;ja!;ja! Cheeseburger Chicken 2 Stück 320g;229;320g (1 kg = 7,16 €)
2024-01-21;8848649;ja!;ja! Cheeseburger Schwein 2 Stück 320g;229;320g (1 kg = 7,16 €)
2024-01-21;8614834;ja!;ja! Chicken Burger 400g;329;400g (1 kg = 8,23 €)
2024-01-21;8370536;ja!;ja! Chicken Nuggets 1000g;699;1000g
2024-01-21;8374622;ja!;ja! Chicken Nuggets 300g;229;300g (1 kg = 7,63 €)
2024-01-21;2198265;ja!;ja! Chicken Nuggets 500g;379;500g (1 kg = 7,58 €)
2024-01-21;8521365;ja!;ja! Chicken Wings Hot Style 750g;379;750g (1 kg = 5,05 €)
2024-01-21;8560300;ja!;ja! Chicken Wings Mild 750g;379;750g (1 kg = 5,05 €)
2024-01-21;2270557;ja!;ja! Chili con Carne mit Schweinefleisch 800g;249;800g (1 kg = 3,11 €)
2024-01-21;7787649;ja!;ja! Chili-Cheese Nuggets 250g;229;250g (1 kg = 9,16 €)
2024-01-21;7895170;ja!;ja! Chiliflocken 35g;149;35g (1 kg = 42,57 €)
2024-01-21;8401019;ja!;ja! Chilisauce mit Paprika 250ml;99;250ml (1 l = 3,96 €)
2024-01-21;891922;ja!;ja! Choco Chips 750g;279;750g (1 kg = 3,72 €)
2024-01-21;1042250;ja!;ja! Citronat 100g;59;100g (1 kg = 5,90 €)
2024-01-21;518336;ja!;ja! Cola 1,5l;59;1,50l (1 l = 0,39 €)
2024-01-21;518727;ja!;ja! Cola 6x1,5l;354;6x1,50l (1 l = 0,39 €)
2024-01-21;975768;ja!;ja! Cola Mix 1,5l;59;1,50l (1 l = 0,39 €)
2024-01-21;905192;ja!;ja! Cola ohne Zucker 1,5l;59;1,50l (1 l = 0,39 €)
2024-01-21;905749;ja!;ja! Cola ohne Zucker 6x1,5l;354;6x1,50l (1 l = 0,39 €)
2024-01-21;975919;ja!;ja! Cola-Mix 0% Zucker 1,5l;59;1,50l (1 l = 0,39 €)
2024-01-21;7175263;ja!;ja! Colorwaschmittel 2,02kg, 30WL;489;2,02kg (1 kg = 2,42 €)
2024-01-21;8182885;ja!;ja! Colorwaschmittel flüssig 1,1l 20WL;325;1,10l (1 l = 2,95 €)
2024-01-21;2857422;ja!;ja! Condimento Bianco 500ml;169;500ml (1 l = 3,38 €)
2024-01-21;8493667;ja!;ja! Cookies American Style Chocolate Chip 225g;119;225g (1 kg = 5,29 €)
2024-01-21;7939890;ja!;ja! Cookies American Style Double Chocolate 225g;119;225g (1 kg = 5,29 €)
2024-01-21;2134122;ja!;ja! Cornflakes 500g;159;500g (1 kg = 3,18 €)
2024-01-21;7800570;ja!;ja! Cornichons mit Chili 190g;99;190g (1 kg = 5,21 €)
2024-01-21;8693856;ja!;ja! Cornichons mit Kräutern 190g;99;190g (1 kg = 5,21 €)
2024-01-21;342931;ja!;ja! Cornichons süß-sauer 370g;159;370g (1 kg = 4,30 €)
2024-01-21;2325016;ja!;ja! Cranberries 200g;199;200g (1 kg = 9,95 €)
2024-01-21;8514434;ja!;ja! Creamy Cheese Dip 290ml;99;290ml (1 l = 3,41 €)
2024-01-21;8897284;ja!;ja! Creamy Cookies 176g;109;176g (1 kg = 6,19 €)
2024-01-21;8582061;ja!;ja! Creme Kirsche 500g;165;500g (1 kg = 3,30 €)
2024-01-21;8214642;ja!;ja! Cremiger Camembert 250g;249;250g (1 kg = 9,96 €)
2024-01-21;8311334;ja!;ja! Criss Cross Pommes pikant gewürzt 600g;199;600g (1 kg = 3,32 €)
2024-01-21;8475479;ja!;ja! Croissants 340g;159;340g (1 kg = 4,68 €)
2024-01-21;8444108;ja!;ja! Crème Fraîche Classic 30% Fett 200g;99;200g (1 kg = 4,95 €)
2024-01-21;8645285;ja!;ja! Cuorino 225g;199;225g (1 kg = 8,84 €)
2024-01-21;8074238;ja!;ja! Curly Fries pikant gewürzt 600g;199;600g (1 kg = 3,32 €)
2024-01-21;2788275;ja!;ja! Curry Gemahlen 45g;79;45g (1 kg = 17,56 €)
2024-01-21;8400896;ja!;ja! Curry Sauce 250ml;99;250ml (1 l = 3,96 €)
2024-01-21;2538615;ja!;ja! Currywurst 220g;189;220g (1 kg = 8,59 €)
2024-01-21;8243243;ja!;ja! Delikatess Edelsalami mild geräuchert 150g;169;150g (1 kg = 11,27 €)
2024-01-21;8327635;ja!;ja! Delikatess Heringssalat mit Roter Bete, Gurke und Apfel 250g;129;250g (1 kg = 5,16 €)
2024-01-21;8049651;ja!;ja! Delikatess Mini Wiener Geflügel Würstchen 2x160g;269;2x160g (1 kg = 8,41 €)
2024-01-21;7018624;ja!;ja! Delikatess Mini-Salami 4x25g;191;4x25g (1 kg = 19,10 €)
2024-01-21;7105686;ja!;ja! Delikatess Sauce zu Braten 3er Pack 20g;69;3x20g (1 kg = 11,50 €)
2024-01-21;2888667;ja!;ja! Delikatess Teewurst fein 125g;139;125g (1 kg = 11,12 €)
2024-01-21;961733;ja!;ja! Delikatess-Bacon 100g;135;100g (1 kg = 13,50 €)
2024-01-21;7009771;ja!;ja! Delikatess-Bierschinken 200g;180;200g (1 kg = 9 €)
2024-01-21;6387896;ja!;ja! Delikatess-Bierwurst 200g;135;200g (1 kg = 6,75 €)
2024-01-21;6445640;ja!;ja! Delikatess-Cervelatwurst 200g;185;200g (1 kg = 9,25 €)
2024-01-21;6685404;ja!;ja! Delikatess-Fleischsalat 400g;179;400g (1 kg = 4,48 €)
2024-01-21;2087491;ja!;ja! Delikatess-Hähnchenbrustfilet 150g;239;150g (1 kg = 15,93 €)
2024-01-21;1215356;ja!;ja! Delikatess-Hähnchenbrustfilet mit feiner Rauchnote 100g;139;100g (1 kg = 13,90 €)
2024-01-21;4724488;ja!;ja! Delikatess-Lachsschinken 100g;166;100g (1 kg = 16,60 €)
2024-01-21;1326612;ja!;ja! Delikatess-Leichtschinken fettreduziert 150g;239;150g (1 kg = 15,93 €)
2024-01-21;1162962;ja!;ja! Delikatess-Mayonnaise 500ml;179;500ml (1 l = 3,58 €)
2024-01-21;2120334;ja!;ja! Delikatess-Pfefferbeißer 300g;359;300g (1 kg = 11,97 €)
2024-01-21;7009810;ja!;ja! Delikatess-Rostbratwurst 540g;379;540g (1 kg = 7,02 €)
2024-01-21;6445667;ja!;ja! Delikatess-Salami 200g;185;200g (1 kg = 9,25 €)
2024-01-21;4832060;ja!;ja! Delikatess-Würstchen 200g;179;200g (1 kg = 8,95 €)
2024-01-21;8765199;ja!;ja! Dental Snacks 7 Stück;79;250g (1 kg = 3,16 €)
2024-01-21;7961361;ja!;ja! Dinkel Hörnchen 500g;129;500g (1 kg = 2,58 €)
2024-01-21;8494755;ja!;ja! Dinkel Spaghetti 500g;129;500g (1 kg = 2,58 €)
2024-01-21;8224543;ja!;ja! Dinkelmehl Typ 630 1kg;149;1kg
2024-01-21;8372201;ja!;ja! Dino & Friends Hähnchenbrustfilet 400g;279;400g (1 kg = 6,98 €)
2024-01-21;2859404;ja!;ja! Donauwelle 500g;359;500g (1 kg = 7,18 €)
2024-01-21;5879736;ja!;ja! Doppelkeks 500g;169;500g (1 kg = 3,38 €)
2024-01-21;2840554;ja!;ja! Dressing Sylter Art 500ml;179;500ml (1 l = 3,58 €)
2024-01-21;8647656;ja!;ja! Dressing Sylter Art vegan 250ml;99;250ml (1 l = 3,96 €)
2024-01-21;8687235;ja!;ja! Duft Teelichter Vanille 18 Stück;195;18 Stück
2024-01-21;8686936;ja!;ja! Duftlichte Rote Früchte 18 Stück;195;18 Stück
2024-01-21;2725612;ja!;ja! Earl Grey Tee 70g, 40 Beutel;99;70g (1 kg = 14,14 €)
2024-01-21;8876559;ja!;ja! Edamer 400g;279;400g (1 kg = 6,98 €)
2024-01-21;8771102;ja!;ja! Edel-Vollmilch-Schokolade Brownie 190g;159;190g (1 kg = 8,37 €)
2024-01-21;8770661;ja!;ja! Edel-Vollmilch-Schokolade Caramel Choc 200g;159;200g (1 kg = 7,95 €)
2024-01-21;298424;ja!;ja! Edelsalami 500g;450;500g (1 kg = 9 €)
2024-01-21;2135703;ja!;ja! Edle Matjesfilets Nordische Art 251g;159;251g (1 kg = 6,33 €)
2024-01-21;7833020;ja!;ja! Einmalhandschuhe Größe M/L 100 Stück;695;100 Stück
2024-01-21;8642283;ja!;ja! Einmalhandschuhe Größe S/M 100 Stück;695;100 Stück
2024-01-21;3072954;ja!;ja! Eis am Stiel Classic Maxi 6x120ml;279;6x120ml (1 l = 3,88 €)
2024-01-21;8476291;ja!;ja! Eis am Stiel Joghurt-Himbeere 6x120ml;279;6x120ml (1 l = 3,88 €)
2024-01-21;7122254;ja!;ja! Eis am Stiel Milky Sticks Vanille 12x42ml;224;12x42ml (1 l = 4,44 €)
2024-01-21;7122458;ja!;ja! Eis am Stiel Mini Classic Mix 12x50ml;269;12x50ml (1 l = 4,48 €)
2024-01-21;8043011;ja!;ja! Eis am Stiel Roter Bandit 11x47ml;239;517ml (1 l = 4,62 €)
2024-01-21;2564460;ja!;ja! Eiscreme Bourbon-Vanille 1000ml;219;1000ml
2024-01-21;5910480;ja!;ja! Eiscreme Bourbon-Vanille 2500ml;369;2500ml (1 l = 1,48 €)
2024-01-21;8887227;ja!;ja! Eiscreme Caramell 5x70ml;249;5x70ml (1 l = 7,11 €)
2024-01-21;2564446;ja!;ja! Eiscreme Schokolade 1000ml;219;1000ml
2024-01-21;8254356;ja!;ja! Eiscreme Stracciatella 1000ml;219;1000ml
2024-01-21;8475648;ja!;ja! Eiscreme Walnuss 1000ml;219;1000ml
2024-01-21;7714113;ja!;ja! Eiscreme-Riegel Peanut 5x70ml;249;5x70ml (1 l = 7,11 €)
2024-01-21;8132504;ja!;ja! Eiskonfekt 4x10 Stück 400ml;249;4x100ml (1 l = 6,23 €)
2024-01-21;8490914;ja!;ja! Eismeergarnelen 225g;369;225g (1 kg = 16,40 €)
2024-01-21;1037871;ja!;ja! Eistee Pfirsich 1,5l;85;1,50l (1 l = 0,57 €)
2024-01-21;1037883;ja!;ja! Eistee Pfirsich 6x1,5l;510;6x1,50l (1 l = 0,57 €)
2024-01-21;8651599;ja!;ja! Eistee Pfirsich Zero 1,5l;85;1,50l (1 l = 0,57 €)
2024-01-21;7862416;ja!;ja! Eistee Pfirsich zero 6x1,5l;510;6x1,50l (1 l = 0,57 €)
2024-01-21;1037866;ja!;ja! Eistee Zitrone 1,5l;85;1,50l (1 l = 0,57 €)
2024-01-21;1037880;ja!;ja! Eistee Zitrone 6x1,5l;510;6x1,50l (1 l = 0,57 €)
2024-01-21;8403948;ja!;ja! Elektronische Feuerzeuge 3 Stück;79;3 Stück
2024-01-21;3016679;ja!;ja! Emmentaler 250g;259;250g (1 kg = 10,36 €)
2024-01-21;3025313;ja!;ja! Emmentaler am Stück 400g;359;400g (1 kg = 8,98 €)
2024-01-21;5915384;ja!;ja! Erbsen 280g;99;280g (1 kg = 3,54 €)
2024-01-21;698894;ja!;ja! Erbsen extra fein & Möhren sehr fein 530g;179;530g (1 kg = 3,38 €)
2024-01-21;8322056;ja!;ja! Erbsen extra fein 3x140g;159;3x420g (1 kg = 3,79 €)
2024-01-21;7253876;ja!;ja! Erbsen extra fein mit Möhren sehr fein 3x390g;159;3x390g (1 kg = 4,08 €)
2024-01-21;8335038;ja!;ja! Erbsen sehr fein mit Möhren sehr fein 265g;99;265g (1 kg = 3,74 €)
2024-01-21;570608;ja!;ja! Erbseneintopf mit Rauchspeck 800g;169;800g (1 kg = 2,11 €)
2024-01-21;570610;ja!;ja! Erbseneintopf mit Würstchen 800g;229;800g (1 kg = 2,86 €)
2024-01-21;8546581;ja!;ja! Erdbeer Sahne Schnitten 4 Stück 425g;359;425g (1 kg = 8,45 €)
2024-01-21;8628156;ja!;ja! Erdbeere Joghurt mild 1kg;249;1kg
2024-01-21;7892381;ja!;ja! Erdnuss-Flips 200g;99;200g (1 kg = 4,95 €)
2024-01-21;2310347;ja!;ja! Erdnüsse geröstet & gesalzen 200g;129;200g (1 kg = 6,45 €)
2024-01-21;7677614;ja!;ja! Erdnüsse in der Schale 400g;229;400g (1 kg = 5,73 €)
2024-01-21;7004010;ja!;ja! Erdnüsse pikant gewürzt 150g;99;150g (1 kg = 6,60 €)
2024-01-21;2394742;ja!;ja! Erfrischungsgetränk Apfel-Rhabarber 0,5l;39;0,50l (1 l = 0,78 €)
2024-01-21;7900645;ja!;ja! Essigreiniger 1l;85;1l
2024-01-21;6243827;ja!;ja! Extra löslicher Kaffee 200g;489;200g (1 kg = 24,45 €)
2024-01-21;8376519;ja!;ja! Faden Frischeinudeln 500g;149;500g (1 kg = 2,98 €)
2024-01-21;1110889;ja!;ja! Family Cappuccino 500g;329;500g (1 kg = 6,58 €)
2024-01-21;8218553;ja!;ja! Feine Dill-Sahne-Heringsfilet 400g;189;400g (1 kg = 4,73 €)
2024-01-21;201401;ja!;ja! Feine Eierplätzchen 400g;159;400g (1 kg = 3,98 €)
2024-01-21;1240651;ja!;ja! Feine Gebäckmischung 500g;239;500g (1 kg = 4,78 €)
2024-01-21;3279207;ja!;ja! Feine Hundesticks mit Kalb 8x11g;95;8x11g (1 kg = 10,80 €)
2024-01-21;2391560;ja!;ja! Feine Katzensticks Hähnchen & Ente 10x5g;95;10x5g (1 kg = 19 €)
2024-01-21;3039294;ja!;ja! Feine Katzensticks mit Seelachs und Scholle 10x5g;95;10x5g (1 kg = 19 €)
2024-01-21;2253001;ja!;ja! Feine Quarkcreme Erdbeer 200g;69;200g (1 kg = 3,45 €)
2024-01-21;2253002;ja!;ja! Feine Quarkcreme Kirsche 200g;69;200g (1 kg = 3,45 €)
2024-01-21;2253007;ja!;ja! Feine Quarkcreme Pfirsich-Maracuja 200g;69;200g (1 kg = 3,45 €)
2024-01-21;2253010;ja!;ja! Feine Quarkcreme Stracciatella 200g;69;200g (1 kg = 3,45 €)
2024-01-21;8245234;ja!;ja! Feine Speisestärke reine Maisstärke 400g;129;400g (1 kg = 3,23 €)
2024-01-21;7907134;ja!;ja! Feiner Brotaufstrich Ei-Bacon 150g;129;150g (1 kg = 8,60 €)
2024-01-21;2166155;ja!;ja! Feiner Brotaufstrich Eiersalat 150g;129;150g (1 kg = 8,60 €)
2024-01-21;2166159;ja!;ja! Feiner Brotaufstrich Geflügelsalat 150g;129;150g (1 kg = 8,60 €)
2024-01-21;7897614;ja!;ja! Feinwaschmittel Black Flüssig 1,5l, 37WL;199;1,50l (1 l = 1,33 €)
2024-01-21;8640400;ja!;ja! Feinwaschmittel Flüssig 1,5l, 30WL;215;1,50l (1 l = 1,43 €)
2024-01-21;7877179;ja!;ja! Feldsalat Mix 100g;89;100g (1 kg = 8,90 €)
2024-01-21;8606032;ja!;ja! Fenchel Anis Kümmel Tee 50g, 25 Beutel;119;50g (1 kg = 23,80 €)
2024-01-21;702420;ja!;ja! Fenstertuch;99;1 Stück
2024-01-21;1206387;ja!;ja! Festtags-Suppe mit Fleischklößchen & Eierstich 400ml;139;400ml (1 l = 3,48 €)
2024-01-21;2282164;ja!;ja! Fettarmer Joghurt 1,5% 150g;30;150g (1 kg = 2 €)
2024-01-21;754434;ja!;ja! Fettarmer Joghurt mild 1,5% Fett 500g;79;500g (1 kg = 1,58 €)
2024-01-21;2548477;ja!;ja! Fettarmer Joghurt mild Erdbeere 250g;55;250g (1 kg = 2,20 €)
2024-01-21;9707808;ja!;ja! Fettarmer Joghurt mild Kirsche 250g;55;250g (1 kg = 2,20 €)
2024-01-21;9551450;ja!;ja! Fettarmer Joghurt mild Pfirsich-Mango 250g;55;250g (1 kg = 2,20 €)
2024-01-21;905164;ja!;ja! Fettarmer Joghurt mild Vanille 250g;55;250g (1 kg = 2,20 €)
2024-01-21;588221;ja!;ja! Feuchte Allzwecktücher Limonen-Frische 80 Stück;199;80 Stück
2024-01-21;4509099;ja!;ja! Feuchte Allzwecktücher Pure Frische 80 Stück;199;80 Stück
2024-01-21;8379864;ja!;ja! Feuchtes Toilettenpapier Kamille 2x70 Stück;125;2x70 Stück
2024-01-21;8033362;ja!;ja! Feuchtes Toilettenpapier Sensitiv 2x70 Tücher;125;2x70 Stück
2024-01-21;7033068;ja!;ja! Fix Saucenpulver für Nudel-Schinken Gratin 40g;49;40g (1 kg = 12,25 €)
2024-01-21;7033363;ja!;ja! Fix Saucenpulver für Spaghetti Bolognese oder Lasagne 45g;49;45g (1 kg = 10,89 €)
2024-01-21;886680;ja!;ja! Fix für Gulasch 40g;49;40g (1 kg = 12,25 €)
2024-01-21;8222208;ja!;ja! Fix für Salat Dill-Kräuter 5x8g;49;40g (1 kg = 12,25 €)
2024-01-21;8222007;ja!;ja! Fix für Salat Garten-Kräuter 5x8g;49;40g (1 kg = 12,25 €)
2024-01-21;8222913;ja!;ja! Fix für Salat Italienische Art 5x8g;49;40g (1 kg = 12,25 €)
2024-01-21;8888131;ja!;ja! Fleischbällchen-Topf 800g;299;800g (1 kg = 3,74 €)
2024-01-21;2270571;ja!;ja! Fleischbällchen-Topf mit Tomaten & Nudeln 800g;299;800g (1 kg = 3,74 €)
2024-01-21;7009739;ja!;ja! Fleischwurst 650g;359;650g (1 kg = 5,52 €)
2024-01-21;8111262;ja!;ja! Forellenfilet natur 125g;279;125g (1 kg = 22,32 €)
2024-01-21;6980295;ja!;ja! Französischer Weichkäse 200g;189;200g (1 kg = 9,45 €)
2024-01-21;8599178;ja!;ja! French Dressing 250ml;99;250ml (1 l = 3,96 €)
2024-01-21;8164649;ja!;ja! Frikadellen verzehrfertig 500g;319;500g (1 kg = 6,38 €)
2024-01-21;4509650;ja!;ja! Frikadellenbällchen 500g;319;500g (1 kg = 6,38 €)
2024-01-21;7937888;ja!;ja! Frische Eier aus Bodenhaltung 10 Stück;199;10 Stück
2024-01-21;2411378;ja!;ja! Frische Eierspätzle 500g;159;500g (1 kg = 3,18 €)
2024-01-21;139976;ja!;ja! Frische Hähnchenschenkel ca. 1130g;503;1 Stück ca. 1130 g (1 kg = 4,45 €)
2024-01-21;5711606;ja!;ja! Frische Putenbrust ca. 800g;719;1 Stück ca. 800 g (1 kg = 8,99 €)
2024-01-21;8627839;ja!;ja! Frische Salatschale Francesco 300g;249;300g (1 kg = 8,30 €)
2024-01-21;8629417;ja!;ja! Frische Salatschale Gallo 300g;249;300g (1 kg = 8,30 €)
2024-01-21;7877849;ja!;ja! Frische Salatschale Vegano vegan 300g;249;300g (1 kg = 8,30 €)
2024-01-21;2865690;ja!;ja! Frische Vollmilch 3,5% 1l;99;1l
2024-01-21;2865662;ja!;ja! Frische fettarme Milch 1,5% 1l;95;1l
2024-01-21;8656774;ja!;ja! Frischeiwaffeln 250g;139;250g (1 kg = 5,56 €)
2024-01-21;2105216;ja!;ja! Frischhaltefolie 75m;115;75m (1 m  = 0,02 €)
2024-01-21;7785244;ja!;ja! Frischkäse Jalapenos 250g;229;250g (1 kg = 9,16 €)
2024-01-21;2421597;ja!;ja! Frischkäse Natur Doppelrahmstufe 300g;139;300g (1 kg = 4,63 €)
2024-01-21;7964577;ja!;ja! Frittieröl 2l;449;2l (1 l = 2,25 €)
2024-01-21;8881166;ja!;ja! Fruchtaufstrich Aprikose 450g;169;450g (1 kg = 3,76 €)
2024-01-21;9004390;ja!;ja! Fruchtaufstrich Erdbeere 250g;129;250g (1 kg = 5,16 €)
2024-01-21;8880363;ja!;ja! Fruchtaufstrich Erdbeere 450g;139;450g (1 kg = 3,09 €)
2024-01-21;7717168;ja!;ja! Fruchtaufstrich Heidelbeere 450g;179;450g (1 kg = 3,98 €)
2024-01-21;1203693;ja!;ja! Fruchtcocktail 4x70g;179;280g (1 kg = 6,39 €)
2024-01-21;8007822;ja!;ja! Fruchtmus Apfel-Banane 4x100g;149;4x100g (1 kg = 3,73 €)
2024-01-21;8037873;ja!;ja! Fruchtschnitten Cranberry-Kirsch 150g;149;150g (1 kg = 9,93 €)
2024-01-21;8025570;ja!;ja! Fruchtschnitten Waldfrucht 150g;149;150g (1 kg = 9,93 €)
2024-01-21;7794958;ja!;ja! Fruit Rings 500g;279;500g (1 kg = 5,58 €)
2024-01-21;8353087;ja!;ja! Frutti di Mare 270g;399;270g (1 kg = 14,78 €)
2024-01-21;8905138;ja!;ja! Früchte Minis 6x60g;89;6x60g (1 kg = 2,47 €)
2024-01-21;476189;ja!;ja! Früchte-Müsli 1kg;229;1000g
2024-01-21;7777815;ja!;ja! Frühlingsrollen mit Gemüse 100g;279;4x400g (1 kg = 6,98 €)
2024-01-21;7779581;ja!;ja! Frühlingsrollen mit Hähnchen 100g;279;4x400g (1 kg = 6,98 €)
2024-01-21;7913504;ja!;ja! Frühstücksbeutel 120 Stück;55;120 Stück
2024-01-21;8069766;ja!;ja! Fusilli 500g;79;500g (1 kg = 1,58 €)
2024-01-21;8834608;ja!;ja! Ganze Mandel Edel-Vollmilch Schokolade;89;100g (1 kg = 8,90 €)
2024-01-21;2565946;ja!;ja! Garnelen á la Provence 250g;359;250g (1 kg = 14,36 €)
2024-01-21;8587952;ja!;ja! Geflügel Fond 400ml;129;400ml (1 l = 3,23 €)
2024-01-21;8890957;ja!;ja! Geflügel Wiener 400g;289;400g (1 kg = 7,23 €)
2024-01-21;942067;ja!;ja! Geflügel-Mortadella 200g;119;200g (1 kg = 5,95 €)
2024-01-21;990026;ja!;ja! Geflügel-Salami mit Schweinefleisch 200g;179;200g (1 kg = 8,95 €)
2024-01-21;7715557;ja!;ja! Geflügelfleischwurst 500g;239;500g (1 kg = 4,78 €)
2024-01-21;7957293;ja!;ja! Geflügellyoner mit Paprika 200g;119;200g (1 kg = 5,95 €)
2024-01-21;8503685;ja!;ja! Geflügelsalami geräuchert 130g;189;130g (1 kg = 14,54 €)
2024-01-21;7834991;ja!;ja! Geflügelsalat 200g;179;200g (1 kg = 8,95 €)
2024-01-21;8793809;ja!;ja! Gefrierbeutel 6l 45 Stück;145;45 Stück
2024-01-21;8599735;ja!;ja! Gelee Bananen 250g;139;250g (1 kg = 5,56 €)
2024-01-21;8613805;ja!;ja! Geleefrüchte 250g;139;250g (1 kg = 5,56 €)
2024-01-21;6353460;ja!;ja! Gelierzucker 2:1 500g;99;500g (1 kg = 1,98 €)
2024-01-21;7901857;ja!;ja! Gemüse Fond vegan 400ml;129;400ml (1 l = 3,23 €)
2024-01-21;7657120;ja!;ja! Geniesser Menü verschiedene Sorten in Jelly 15x100g;319;15x100g (1 kg = 2,13 €)
2024-01-21;8428056;ja!;ja! Geriebener Emmentaler 45% Fett 250g;199;250g (1 kg = 7,96 €)
2024-01-21;8426184;ja!;ja! Geriebener Gouda 48% Fett 250g;199;250g (1 kg = 7,96 €)
2024-01-21;8426697;ja!;ja! Geriebener Gratin- und Pizzakäse 250g;199;250g (1 kg = 7,96 €)
2024-01-21;8439178;ja!;ja! Geriebener Mozzarella 250g;199;250g (1 kg = 7,96 €)
2024-01-21;8075412;ja!;ja! Geschirr-Reiniger 40 Tabs All-in-1 840g;395;840g (1 kg = 4,70 €)
2024-01-21;7896538;ja!;ja! Geschirr-Reiniger Classic 60 Tabs 780g;299;780g (1 kg = 3,83 €)
2024-01-21;2346106;ja!;ja! Geschirrspülmittel Classic 1l;95;1l
2024-01-21;8335264;ja!;ja! Geschirrspülmittel Zitrone 1l;95;1l
2024-01-21;8669735;ja!;ja! Getränkesirup mit Orangen-Geschmack 0,5l;279;0,50l (1 l = 5,58 €)
2024-01-21;8672028;ja!;ja! Getränkesirup mit Zitronen-Limettengeschmack 0,5l;279;0,50l (1 l = 5,58 €)
2024-01-21;8595918;ja!;ja! Glasreiniger Ocean 1l;95;1l
2024-01-21;592755;ja!;ja! Gnocchi di Patate 500g;99;500g (1 kg = 1,98 €)
2024-01-21;6243711;ja!;ja! Gold Löslicher Kaffee 100g;269;100g (1 kg = 26,90 €)
2024-01-21;3151583;ja!;ja! Gold entkoffeiniert 100g;359;100g (1 kg = 35,90 €)
2024-01-21;2597847;ja!;ja! Gouda Holland jung am Stück 450g;369;450g (1 kg = 8,20 €)
2024-01-21;7718951;ja!;ja! Gouda Holland mittelalt 450g;449;450g (1 kg = 9,98 €)
2024-01-21;6337279;ja!;ja! Gouda jung 48% Fett 400g;279;400g (1 kg = 6,98 €)
2024-01-21;6337252;ja!;ja! Gouda mittelalt 300g;299;300g (1 kg = 9,97 €)
2024-01-21;8876424;ja!;ja! Grüne Erbsen mit Suppengrün 530g;99;530g (1 kg = 1,87 €)
2024-01-21;8515862;ja!;ja! Grüne Oliven mit Mandeln 100g;119;100g (1 kg = 11,90 €)
2024-01-21;8563138;ja!;ja! Grüne Oliven mit Paprikapaste 180g;149;180g (1 kg = 8,28 €)
2024-01-21;1205219;ja!;ja! Gulaschsuppe 400ml;179;400ml (1 l = 4,48 €)
2024-01-21;7850206;ja!;ja! Gulaschtopf mit Nudeln 61g;89;61g (1 kg = 14,59 €)
2024-01-21;7755784;ja!;ja! Gulaschtopf mit Nudeln 800g;299;800g (1 kg = 3,74 €)
2024-01-21;8270196;ja!;ja! Gummiringe 48g;79;48g (1 kg = 16,46 €)
2024-01-21;1010880;ja!;ja! Gurkensticks 360g;159;360g (1 kg = 4,42 €)
2024-01-21;1386397;ja!;ja! Gurkentopf 530g;159;530g (1 kg = 3 €)
2024-01-21;3070776;ja!;ja! H-Milch 1,5% 1l;95;1l
2024-01-21;3072549;ja!;ja! H-Milch 3,5% 1l;99;1l
2024-01-21;6509355;ja!;ja! H-Schlagsahne 200g;99;200g (1 kg = 4,95 €)
2024-01-21;5900174;ja!;ja! Hackfleisch gemischt 500g;379;500g (1 kg = 7,58 €)
2024-01-21;7857273;ja!;ja! Hafergebäck 600g;349;600g (1 kg = 5,82 €)
2024-01-21;8431556;ja!;ja! Halogenstift Leuchtmittel G4 375 Lumen 37 Watt 3 Stück;199;1 Stück
2024-01-21;8341415;ja!;ja! Hamburger 1kg, 12 Patties;998;1000g
2024-01-21;8568267;ja!;ja! Hamburger Brötchen 6 Stück 300g;99;300g (1 kg = 3,30 €)
2024-01-21;8552864;ja!;ja! Handkäse Minis Edelschimmel 115g;119;115g (1 kg = 10,35 €)
2024-01-21;7847175;ja!;ja! Hartweizengriess 500g;65;500g (1 kg = 1,30 €)
2024-01-21;7924797;ja!;ja! Harzer Käse Mini 115g;119;115g (1 kg = 10,35 €)
2024-01-21;7003736;ja!;ja! Harzer Rolle 200g;179;200g (1 kg = 8,95 €)
2024-01-21;1008581;ja!;ja! Haselnusskerne ganz 200g;229;200g (1 kg = 11,45 €)
2024-01-21;1008586;ja!;ja! Haselnusskerne gemahlen 200g;199;200g (1 kg = 9,95 €)
2024-01-21;8685225;ja!;ja! Haselnussröllchen 400g;219;400g (1 kg = 5,48 €)
2024-01-21;7957031;ja!;ja! Hauchzarter Hinterschinken gebacken 150g;249;150g (1 kg = 16,60 €)
2024-01-21;7942901;ja!;ja! Hauchzartes Hähnchenbrustfilet gepökelt, gebacken 150g;239;150g (1 kg = 15,93 €)
2024-01-21;7802963;ja!;ja! Haushaltshandschuhe Gr. L 1 Paar;59;1 Stück
2024-01-21;8741968;ja!;ja! Haushaltshandschuhe Gr. M 1 Paar;59;1 Stück
2024-01-21;8537447;ja!;ja! Haushaltsschwamm 9 Stück;99;9 Stück
2024-01-21;120585;ja!;ja! Heringsfilets geteilt in Tomatensauce 200g;119;200g (1 kg = 5,95 €)
2024-01-21;7977528;ja!;ja! Heringsfilets in Paprikacreme 200g;139;200g (1 kg = 6,95 €)
2024-01-21;8470119;ja!;ja! Heringsfilets in Pfeffercreme MSC 200g;139;200g (1 kg = 6,95 €)
2024-01-21;8471914;ja!;ja! Heringsfilets in Senfcreme 200g;139;200g (1 kg = 6,95 €)
2024-01-21;8493810;ja!;ja! Heringsfilets in Tomatencreme 200g;139;200g (1 kg = 6,95 €)
2024-01-21;3101047;ja!;ja! Herzhafte Stückchen Lachs & Gemüse 100g;30;100g (1 kg = 3 €)
2024-01-21;3101044;ja!;ja! Herzhafte Stückchen Truthahn & Erbsen in Gelee 100g;30;100g (1 kg = 3 €)
2024-01-21;3101041;ja!;ja! Herzhaftes Ragout Rind 100g;30;100g (1 kg = 3 €)
2024-01-21;3101042;ja!;ja! Herzhaftes Ragout Wild 100g;30;100g (1 kg = 3 €)
2024-01-21;3156246;ja!;ja! Herzhaftes Ragout mit Rind & Nudeln 300g;75;300g (1 kg = 2,50 €)
2024-01-21;2886776;ja!;ja! Hirtenkäse 250g;179;250g (1 kg = 7,16 €)
2024-01-21;891929;ja!;ja! Honey Wheats 750g;279;750g (1 kg = 3,72 €)
2024-01-21;7914493;ja!;ja! Hot Dog Rolls 250g;99;250g (1 kg = 3,96 €)
2024-01-21;8487975;ja!;ja! Hot Dog Würstchen 300g, 6 Stück;279;300g (1 kg = 9,30 €)
2024-01-21;8552840;ja!;ja! Hot Salsa Dip 300ml;99;300ml (1 l = 3,30 €)
2024-01-21;8859653;ja!;ja! Hummus natur vegan 200g;99;200g (1 kg = 4,95 €)
2024-01-21;7728461;ja!;ja! Hummus pikant vegan 200g;99;200g (1 kg = 4,95 €)
2024-01-21;2025506;ja!;ja! Hundesticks Geflügel 8x11g;95;8x11g (1 kg = 10,80 €)
2024-01-21;2025522;ja!;ja! Hundesticks Rind 8x11g;95;8x11g (1 kg = 10,80 €)
2024-01-21;2025529;ja!;ja! Hundesticks mit Wild 8x11g;95;8x11g (1 kg = 10,80 €)
2024-01-21;7955894;ja!;ja! Hähnchen;549;1 Stück ca. 1100 g (1 kg = 4,99 €)
2024-01-21;7879677;ja!;ja! Hähnchen Drumsticks BBQ Texas Style 750g;349;750g (1 kg = 4,65 €)
2024-01-21;2198857;ja!;ja! Hähnchen Filetsteaks 400g;469;400g (1 kg = 11,73 €)
2024-01-21;8371596;ja!;ja! Hähnchen Filetstreifen 250g;249;250g (1 kg = 9,96 €)
2024-01-21;8540960;ja!;ja! Hähnchen Flügel ohne Spitze 480g;243;1 Stück ca. 480 g (1 kg = 5,07 €)
2024-01-21;8361755;ja!;ja! Hähnchen Mini Schnitzel 500g;379;500g (1 kg = 7,58 €)
2024-01-21;8611852;ja!;ja! Hähnchen Schnitzel XXL 500g;429;500g (1 kg = 8,58 €)
2024-01-21;8361153;ja!;ja! Hähnchen Süss-Sauer 400g;249;400g (1 kg = 6,23 €)
2024-01-21;2424441;ja!;ja! Hähnchen süß-sauer mit Langkornreis 400g;249;400g (1 kg = 6,23 €)
2024-01-21;8468236;ja!;ja! Hähnchen-Brustfilet 600g;599;600g (1 kg = 9,98 €)
2024-01-21;7980552;ja!;ja! Hähnchen-Innenbrustfilet 400g;489;400g (1 kg = 12,23 €)
2024-01-21;7956314;ja!;ja! Hähnchenbrust Filetstücke Klassik 150g;239;150g (1 kg = 15,93 €)
2024-01-21;7967967;ja!;ja! Hähnchenbrust Filetstücke Kräuter 150g;239;150g (1 kg = 15,93 €)
2024-01-21;3252334;ja!;ja! Hähnchenbrustfilet Paprika 150g;239;150g (1 kg = 15,93 €)
2024-01-21;2198745;ja!;ja! Hähnchenschenkel natur 1kg;379;1000g
2024-01-21;2202616;ja!;ja! Hähnchenschnitten Cordon Bleu 500g;429;500g (1 kg = 8,58 €)
2024-01-21;8573928;ja!;ja! Hähnchenschnitzel 300g;329;300g (1 kg = 10,97 €)
2024-01-21;7196141;ja!;ja! Hörnchen Frischei Nudeln 500g;119;500g (1 kg = 2,38 €)
2024-01-21;7163813;ja!;ja! Hühnerfrikassee mit Gemüse und Reis 400g;249;400g (1 kg = 6,23 €)
2024-01-21;570612;ja!;ja! Hühnernudeltopf 800g;189;800g (1 kg = 2,36 €)
2024-01-21;8359468;ja!;ja! Irische Butter aus Weidemilch 250g;229;250g (1 kg = 9,16 €)
2024-01-21;2239595;ja!;ja! Jaffa Cake Orange 300g;159;300g (1 kg = 5,30 €)
2024-01-21;6387918;ja!;ja! Jagdwurst 200g;135;200g (1 kg = 6,75 €)
2024-01-21;8350407;ja!;ja! Jasmin Reis 1kg;269;1000g
2024-01-21;2037971;ja!;ja! Jodsalz 500g;29;500g (1 kg = 0,58 €)
2024-01-21;8022850;ja!;ja! Joghurt Crisp 175g;45;175g (1 kg = 2,57 €)
2024-01-21;8376341;ja!;ja! Joghurt Crisp Bananenjoghurt & Schokoflakes 175g;45;175g (1 kg = 2,57 €)
2024-01-21;8374648;ja!;ja! Joghurt Crisp Vanillejoghurt & Schokoperlen 175g;45;175g (1 kg = 2,57 €)
2024-01-21;8601073;ja!;ja! Joghurt Dressing 250ml;99;250ml (1 l = 3,96 €)
2024-01-21;2840546;ja!;ja! Joghurt Dressing 500ml;179;500ml (1 l = 3,58 €)
2024-01-21;8514626;ja!;ja! Joghurt Griechischer Art Natur 4x150g;119;4x600g (1 kg = 1,98 €)
2024-01-21;8600575;ja!;ja! Joghurt Light Dressing 250ml;99;250ml (1 l = 3,96 €)
2024-01-21;8187630;ja!;ja! Joghurt mild 0,1% 150g;30;150g (1 kg = 2 €)
2024-01-21;754432;ja!;ja! Joghurt mild 0,1% 500g;79;500g (1 kg = 1,58 €)
2024-01-21;8324448;ja!;ja! Joghurt mild 3,5 % Fett 500g;89;500g (1 kg = 1,78 €)
2024-01-21;7683149;ja!;ja! Joghurt-Erzeugnis griechischer Art 2% 1kg;199;1kg
2024-01-21;7666614;ja!;ja! Joghurtdrink Erdbeer 500g;85;500g (1 kg = 1,70 €)
2024-01-21;7668152;ja!;ja! Joghurtdrink Kirsche 500g;85;500g (1 kg = 1,70 €)
2024-01-21;9044730;ja!;ja! Joghurtdrink Pfirsich-Maracuja 500g;85;500g (1 kg = 1,70 €)
2024-01-21;8960432;ja!;ja! Joghurtdrink Vanille 500g;85;500g (1 kg = 1,70 €)
2024-01-21;7083761;ja!;ja! Junge Erbsen 1kg;219;1000g
2024-01-21;7691883;ja!;ja! Kaffe Klassik 40 Pads, 280g;399;280g (1 kg = 14,25 €)
2024-01-21;7857939;ja!;ja! Kaffee Kränze 250g;149;250g (1 kg = 5,96 €)
2024-01-21;7691945;ja!;ja! Kaffee Pads 280g, 40 Pads;399;280g (1 kg = 14,25 €)
2024-01-21;2755729;ja!;ja! Kaffee-Filter Größe 4, 100 Stück;99;NaN
2024-01-21;7638950;ja!;ja! Kaffeepads Entkoffeiniert 280g, 40 Pads;399;280g (1 kg = 14,25 €)
2024-01-21;8918068;ja!;ja! Kaffeepads Gustoso 280g, 40 Pads;399;280g (1 kg = 14,25 €)
2024-01-21;2223199;ja!;ja! Kaffeesahne 12% Fett 250g;89;250g (1 kg = 3,56 €)
2024-01-21;8187797;ja!;ja! Kaffeesahne 200g;59;200g (1 kg = 2,95 €)
2024-01-21;8187738;ja!;ja! Kaffeesahne 20x10g;85;200g (1 kg = 4,25 €)
2024-01-21;8187754;ja!;ja! Kaffeeweißer 250g;149;250g (1 kg = 5,96 €)
2024-01-21;2290204;ja!;ja! Kaisergemüse 1kg;219;1000g
2024-01-21;7257866;ja!;ja! Kakaopulver Instant 800g;329;800g (1 kg = 4,11 €)
2024-01-21;3182684;ja!;ja! Kalifornische Pistazien geröstet & gesalzen 250g;349;250g (1 kg = 13,96 €)
2024-01-21;546026;ja!;ja! Kamillentee 37,5g, 25 Beutel;79;37,50g (1 kg = 21,07 €)
2024-01-21;7825847;ja!;ja! Karottensalat fein geraspelt 190g;69;190g (1 kg = 3,63 €)
2024-01-21;8553081;ja!;ja! Kartoffel Wedges 750g;189;750g (1 kg = 2,52 €)
2024-01-21;7923861;ja!;ja! Kartoffelpuffer 600g;179;600g (1 kg = 2,98 €)
2024-01-21;2725470;ja!;ja! Kartoffelpüree 3x115g;139;3x115g (1 kg = 4,03 €)
2024-01-21;7848693;ja!;ja! Kartoffelpüree mit Röstzwiebeln und Croûtons 59g;89;59g (1 kg = 15,08 €)
2024-01-21;8405912;ja!;ja! Kartoffelsalat mit Creme Fraiche 1000g;219;1000g
2024-01-21;7089413;ja!;ja! Kartoffeltaschen Frischkäse-Kräuter-Füllung 600g, 10 Stück;269;600g (1 kg = 4,48 €)
2024-01-21;7951547;ja!;ja! Kartoffeltaschen Spinat Mozzarella 600g;269;600g (1 kg = 4,48 €)
2024-01-21;2270576;ja!;ja! Kartoffeltopf mit Würstchen 800g;229;800g (1 kg = 2,86 €)
2024-01-21;210205;ja!;ja! Katzenfutter Feine Häppchen 4 Sorten 8x100g;240;8x100g (1 kg = 3 €)
2024-01-21;210260;ja!;ja! Katzenfutter Feine Pasteten 4 Sorten 8x100g;240;8x100g (1 kg = 3 €)
2024-01-21;7145081;ja!;ja! Katzenfutter Geniesser Menü 4 Sorten 15x100g;319;15x100g (1 kg = 2,13 €)
2024-01-21;2391523;ja!;ja! Katzensticks Geflügel & Leber 10 Stück;95;10x5g (1 kg = 19 €)
2024-01-21;6242740;ja!;ja! Katzenstreu 10l;315;10l (1 l = 0,32 €)
2024-01-21;8059113;ja!;ja! Kaugummi white Minze zuckerfrei 50 Stück;155;50 Stück
2024-01-21;1395507;ja!;ja! Kaustreifen mit Geflügel 20 Stück;59;200g (1 kg = 2,95 €)
2024-01-21;1395504;ja!;ja! Kaustreifen mit Rind 20 Stück;59;200g (1 kg = 2,95 €)
2024-01-21;1913987;ja!;ja! Kernige Haferflocken 500g;79;500g (1 kg = 1,58 €)
2024-01-21;7814109;ja!;ja! Kichererbsen 265g;59;265g (1 kg = 2,23 €)
2024-01-21;8867056;ja!;ja! Kichererbsen 390g;179;390g (1 kg = 4,59 €)
2024-01-21;914670;ja!;ja! Kidney-Bohnen rot 255g;79;255g (1 kg = 3,10 €)
2024-01-21;7725626;ja!;ja! Kidneybohnen rot 3x130g;179;3x390g (1 kg = 4,59 €)
2024-01-21;2565945;ja!;ja! King Prawns Garnelen 225g;359;225g (1 kg = 15,96 €)
2024-01-21;8725350;ja!;ja! Kirsch Grütze 500g;199;500g (1 kg = 3,98 €)
2024-01-21;7033086;ja!;ja! Klare Gemüsebrühe 140g;99;140g (1 kg = 7,07 €)
2024-01-21;8059677;ja!;ja! Klarspüler 1l;95;1l
2024-01-21;2906340;ja!;ja! Klumpstreu 10kg;299;10kg (1 kg = 0,30 €)
2024-01-21;2737743;ja!;ja! Knabberbox 300g;169;300g (1 kg = 5,63 €)
2024-01-21;2371190;ja!;ja! Knoblauch granuliert 70g;79;70g (1 kg = 11,29 €)
2024-01-21;2360956;ja!;ja! Knoblauchbutter-Baguette 175g;99;175g (1 kg = 5,66 €)
2024-01-21;8403028;ja!;ja! Knoblauchsauce 250ml;99;250ml (1 l = 3,96 €)
2024-01-21;7903450;ja!;ja! Knusper Dschungel 130g;119;130g (1 kg = 9,15 €)
2024-01-21;8024719;ja!;ja! Knusper Müsli Schoko 600g;249;600g (1 kg = 4,15 €)
2024-01-21;8395317;ja!;ja! Knusper Müsli weniger süss 600g;249;600g (1 kg = 4,15 €)
2024-01-21;7891291;ja!;ja! Knusperfilet im Backteig 400g;299;400g (1 kg = 7,48 €)
2024-01-21;8878429;ja!;ja! Knusperfilet mit Käse-Kräuter-Füllung 400g;299;400g (1 kg = 7,48 €)
2024-01-21;8501345;ja!;ja! Knusperriegel 200g;199;200g (1 kg = 9,95 €)
2024-01-21;8613529;ja!;ja! Kokosflocken 200g;139;200g (1 kg = 6,95 €)
2024-01-21;7738173;ja!;ja! Kokosmilch 400g;99;400g (1 l = 2,48 €)
2024-01-21;1008594;ja!;ja! Kokosraspeln 200g;95;200g (1 kg = 4,75 €)
2024-01-21;2918868;ja!;ja! Komfort Toilettenpapier 3-lagig 4x200 Blatt;179;NaN
2024-01-21;6648282;ja!;ja! Kondensmilch 10% 340g;99;340g (1 kg = 2,91 €)
2024-01-21;8192570;ja!;ja! Kondensmilch 4% Fett 340g;79;340g (1 kg = 2,32 €)
2024-01-21;6621155;ja!;ja! Kondensmilch 7,5% Fett 340g;89;340g (1 kg = 2,62 €)
2024-01-21;1956646;ja!;ja! Kosmetikeimer-Beutel 75 Stück;75;75 Stück
2024-01-21;277701;ja!;ja! Krautsalat mit grüner Paprika 1kg;219;1000g
2024-01-21;6322379;ja!;ja! Kroketten 750g;199;750g (1 kg = 2,65 €)
2024-01-21;2097580;ja!;ja! Kräftige Brocken mit frischem Geflügel 3kg;449;3kg (1 kg = 1,50 €)
2024-01-21;2421604;ja!;ja! Kräuter-Frischkäse 300g;139;300g (1 kg = 4,63 €)
2024-01-21;7137268;ja!;ja! Kräuterbutter 120g;99;6x20g (1 kg = 8,25 €)
2024-01-21;6714161;ja!;ja! Kräuterbutter-Baguette 175g;99;175g (1 kg = 5,66 €)
2024-01-21;8444273;ja!;ja! Kräuterquark 200g;65;200g (1 kg = 3,25 €)
2024-01-21;7994929;ja!;ja! Kräuterquark leicht 200g;65;200g (1 kg = 3,25 €)
2024-01-21;2030321;ja!;ja! Käse-Gebäckstangen 150g;149;150g (1 kg = 9,93 €)
2024-01-21;7149379;ja!;ja! Käseaufschnitt 250g;189;250g (1 kg = 7,56 €)
2024-01-21;2296035;ja!;ja! Käseaufschnitt leicht 250g;189;250g (1 kg = 7,56 €)
2024-01-21;8784645;ja!;ja! Käsekuchen 1250g;479;1250g (1 kg = 3,83 €)
2024-01-21;8291601;ja!;ja! Käsesnack Gouda Maasdamer 220g;269;220g (1 kg = 12,23 €)
2024-01-21;2045420;ja!;ja! Königsberger Klopse 450g;199;450g (1 kg = 4,42 €)
2024-01-21;7030814;ja!;ja! Körniger Frischkäse Halbfettstufe 200g;99;200g (1 kg = 4,95 €)
2024-01-21;7861286;ja!;ja! Küchentücher 3-lagig 8x128Blatt;549;8x128 Stück
2024-01-21;7862977;ja!;ja! Küchentücher 4x128 Blatt;275;4x128 Stück
2024-01-21;8639885;ja!;ja! LED Kerze E14 470 Lumen 40 Watt 2 Stück;499;2 Stück
2024-01-21;8643461;ja!;ja! LED Leuchtmittel E27 1055 Lumen 75 Watt 2 Stück;599;2 Stück
2024-01-21;7861437;ja!;ja! LED Leuchtmittel G9 320 Lumen 26 Watt 1 Stück;399;1 Stück
2024-01-21;6343066;ja!;ja! Lachsfilet 250g;599;250g (1 kg = 23,96 €)
2024-01-21;7249172;ja!;ja! Lachsforelle 100g;299;100g (1 kg = 29,90 €)
2024-01-21;8307611;ja!;ja! Landschinken luftgetrocknet 150g;209;150g (1 kg = 13,93 €)
2024-01-21;1062430;ja!;ja! Langkorn-Spitzenreis im Kochbeutel 4x125g;119;4x125g (1 kg = 2,38 €)
2024-01-21;1007001;ja!;ja! Lasagne Bolognese 1kg;429;1kg
2024-01-21;2269278;ja!;ja! Lasagne Bolognese 400g;189;400g (1 kg = 4,73 €)
2024-01-21;2464069;ja!;ja! Latte Cappuccino 250ml;69;250ml (1 l = 2,76 €)
2024-01-21;2464033;ja!;ja! Latte Espresso 250ml;69;250ml (1 l = 2,76 €)
2024-01-21;2462970;ja!;ja! Latte Macchiato 250ml;69;250ml (1 l = 2,76 €)
2024-01-21;7722035;ja!;ja! Latte Macchiato weniger süß 250ml;69;250ml (1 l = 2,76 €)
2024-01-21;2888923;ja!;ja! Leberwurst fein 175g;139;175g (1 kg = 7,94 €)
2024-01-21;7818635;ja!;ja! Linsen mit Suppengrün 530g;99;530g (1 kg = 1,87 €)
2024-01-21;570611;ja!;ja! Linseneintopf mit Schweinefleisch 800g;189;800g (1 kg = 2,36 €)
2024-01-21;8785080;ja!;ja! Lorbeerblätter ganz 14g;139;14g (1 kg = 99,29 €)
2024-01-21;8957166;ja!;ja! Lungo Dolce Kaffee 100g, 20 Kapseln;379;100g (1 kg = 37,90 €)
2024-01-21;7668461;ja!;ja! Lungo Intenso 20 Kapseln, 100g;379;100g (1 kg = 37,90 €)
2024-01-21;7210936;ja!;ja! Luxus Toilettenpapier 4-lagig 4x160 Blatt;199;NaN
2024-01-21;2223785;ja!;ja! Löffelbiskuit 400g;149;400g (1 kg = 3,73 €)
2024-01-21;7879057;ja!;ja! Lütticher Zuckerwaffeln 550g;249;550g (1 kg = 4,53 €)
2024-01-21;6337295;ja!;ja! Maasdamer 300g;239;300g (1 kg = 7,97 €)
2024-01-21;7197142;ja!;ja! Maccronelli Frischei Nudeln 500g;119;500g (1 kg = 2,38 €)
2024-01-21;8483301;ja!;ja! Makkaroni Auflauf 400g;189;400g (1 kg = 4,73 €)
2024-01-21;8298305;ja!;ja! Makrelen-Filets im eigenen Saft 88g;129;88g (1 kg = 14,66 €)
2024-01-21;8084437;ja!;ja! Makrelen-Filets in Rapsöl 90g;129;90g (1 kg = 14,33 €)
2024-01-21;7011210;ja!;ja! Mandarin-Orangen 175g;109;175g (1 kg = 6,23 €)
2024-01-21;2099961;ja!;ja! Mandel-Eis am Stiel 6x120ml;279;6x120ml (1 l = 3,88 €)
2024-01-21;1008576;ja!;ja! Mandeln ganze Kerne 200g;229;200g (1 kg = 11,45 €)
2024-01-21;1008584;ja!;ja! Mandeln gehackt 100g;99;100g (1 kg = 9,90 €)
2024-01-21;1008585;ja!;ja! Mandeln gehobelt 100g;99;100g (1 kg = 9,90 €)
2024-01-21;1008588;ja!;ja! Mandeln gemahlen 200g;199;200g (1 kg = 9,95 €)
2024-01-21;1008582;ja!;ja! Mandeln gestiftelt 100g;99;100g (1 kg = 9,90 €)
2024-01-21;7799478;ja!;ja! Margherita Mini Pizza 360g;249;360g (1 kg = 6,92 €)
2024-01-21;5883121;ja!;ja! Markenbutter mild gesäuert 250g;169;250g (1 kg = 6,76 €)
2024-01-21;8155103;ja!;ja! Mascarpone 250g;189;250g (1 kg = 7,56 €)
2024-01-21;7835907;ja!;ja! Maxi Teelichter 12 Stück;349;12 Stück
2024-01-21;8602560;ja!;ja! Meersalz 110g;99;110g (1 kg = 9 €)
2024-01-21;8696982;ja!;ja! Mehrkorn Toastbrötchen 335g;119;335g (1 kg = 3,55 €)
2024-01-21;7914158;ja!;ja! Mehrkornbrötchen 8 Stück 560g;119;560g (1 kg = 2,13 €)
2024-01-21;8381825;ja!;ja! Mehrweg Frische-Deckel für 500g Becher 2 Stück;99;2 Stück
2024-01-21;1374472;ja!;ja! Mett-Enden geräuchert 300g;299;300g (1 kg = 9,97 €)
2024-01-21;7774531;ja!;ja! Milch Schoko & Keks Sticks 90g;129;90g (1 kg = 14,33 €)
2024-01-21;8946145;ja!;ja! Milch-Drink Erdbeer-Geschmack 0,5l;89;500ml (1 l = 1,78 €)
2024-01-21;8949209;ja!;ja! Milch-Drink Schoko-Geschmack 0,5l;89;500ml (1 l = 1,78 €)
2024-01-21;8949292;ja!;ja! Milchdrink Banane 500ml;89;500ml (1 l = 1,78 €)
2024-01-21;8947661;ja!;ja! Milchdrink Vanille 500ml;89;500ml (1 l = 1,78 €)
2024-01-21;2107010;ja!;ja! Milchreis 500g;119;500g (1 kg = 2,38 €)
2024-01-21;2062713;ja!;ja! Milchreis Classic 200g;45;200g (1 kg = 2,25 €)
2024-01-21;8338376;ja!;ja! Milchreis Kirsche 200g;45;200g (1 kg = 2,25 €)
2024-01-21;8335581;ja!;ja! Milchreis Schoko 200g;45;200g (1 kg = 2,25 €)
2024-01-21;2062711;ja!;ja! Milchreis Zimt 200g;45;200g (1 kg = 2,25 €)
2024-01-21;7164812;ja!;ja! Milchreis mit Kirschen 400g;249;400g (1 kg = 6,23 €)
2024-01-21;8125487;ja!;ja! Milder Röstkaffee 500g;429;500g (1 kg = 8,58 €)
2024-01-21;8260501;ja!;ja! Milder Sahne Joghurt Bratapfel 150g;39;150g (1 kg = 2,60 €)
2024-01-21;8106396;ja!;ja! Milder Sahne Joghurt Erdbeere 150g;39;150g (1 kg = 2,60 €)
2024-01-21;8106898;ja!;ja! Milder Sahne Joghurt Kirsche 150g;39;150g (1 kg = 2,60 €)
2024-01-21;8101100;ja!;ja! Milder Sahne Joghurt Pfirsich-Maracuja 150g;39;150g (1 kg = 2,60 €)
2024-01-21;518603;ja!;ja! Mineralwasser Classic 0,5l;14;0,50l (1 l = 0,28 €)
2024-01-21;517488;ja!;ja! Mineralwasser Classic 1,5l;27;1,50l (1 l = 0,18 €)
2024-01-21;519375;ja!;ja! Mineralwasser Classic 6x0,5l;79;6x0,50l (1 l = 0,26 €)
2024-01-21;518174;ja!;ja! Mineralwasser Classic 6x1,5l;162;6x1,50l (1 l = 0,18 €)
2024-01-21;1113023;ja!;ja! Mineralwasser Medium 0,5l;14;0,50l (1 l = 0,28 €)
2024-01-21;400552;ja!;ja! Mineralwasser Medium 1,5l;27;1,50l (1 l = 0,18 €)
2024-01-21;1113197;ja!;ja! Mineralwasser Medium 6x0,5l;79;6x0,50l (1 l = 0,26 €)
2024-01-21;400568;ja!;ja! Mineralwasser Medium 6x1,5l;162;6x1,50l (1 l = 0,18 €)
2024-01-21;518115;ja!;ja! Mineralwasser Still 0,5l;14;0,50l (1 l = 0,28 €)
2024-01-21;1987950;ja!;ja! Mineralwasser Still 1,5l;27;1,50l (1 l = 0,18 €)
2024-01-21;519120;ja!;ja! Mineralwasser Still 6x0,5l;79;6x0,50l (1 l = 0,26 €)
2024-01-21;1988093;ja!;ja! Mineralwasser Still 6x1,5l;162;6x1,50l (1 l = 0,18 €)
2024-01-21;7659604;ja!;ja! Mini Brotchips Knoblauch 250g;179;250g (1 kg = 7,16 €)
2024-01-21;8038378;ja!;ja! Mini Cordon Bleu 400g;429;400g (1 kg = 10,73 €)
2024-01-21;8627675;ja!;ja! Mini Gugelhupf Zitrone 250g;159;250g (1 kg = 6,36 €)
2024-01-21;7161821;ja!;ja! Mini Hörnchen Vanille & Schokolade 12x28ml;199;12x28ml (1 l = 5,92 €)
2024-01-21;8066826;ja!;ja! Mini Mozzarella 125g;119;125g (1 kg = 9,52 €)
2024-01-21;7928306;ja!;ja! Mini Pizza Salami 360g;249;360g (1 kg = 6,92 €)
2024-01-21;8401219;ja!;ja! Mini Schokoriegel Mix 500g;329;500g (1 kg = 6,58 €)
2024-01-21;2407834;ja!;ja! Mini Wiener Würstchen 2x160g;269;2x160g (1 kg = 8,41 €)
2024-01-21;165932;ja!;ja! Mini-Brezeln 250g;99;250g (1 kg = 3,96 €)
2024-01-21;8267887;ja!;ja! Mini-Cabanossi 250g;299;250g (1 kg = 11,96 €)
2024-01-21;2318701;ja!;ja! Mini-Geflügelfrikadellen 500g;319;500g (1 kg = 6,38 €)
2024-01-21;7878691;ja!;ja! Mini-Gugelhupf Marmor 250g;159;250g (1 kg = 6,36 €)
2024-01-21;2146675;ja!;ja! Mini-Windbeutel 250g;129;250g (1 kg = 5,16 €)
2024-01-21;891930;ja!;ja! Mini-Zimtos 750g;279;750g (1 kg = 3,72 €)
2024-01-21;7877799;ja!;ja! Mischsalat Rohkost Mix 200g;89;200g (1 kg = 4,45 €)
2024-01-21;8329329;ja!;ja! Motiv-Servietten Floral 40 Stück;99;40 Stück
2024-01-21;8013504;ja!;ja! Motiv-Servietten X-Mas 40 Stück;99;40 Stück
2024-01-21;8434947;ja!;ja! Mozzarella 125g;89;125g (1 kg = 7,12 €)
2024-01-21;8836740;ja!;ja! Mozzarella Sticks 250g;229;250g (1 kg = 9,16 €)
2024-01-21;7801213;ja!;ja! Mozzarella light 125g;89;125g (1 kg = 7,12 €)
2024-01-21;8084761;ja!;ja! Muffinförmchen 200 Stück weiß;199;200 Stück
2024-01-21;8667375;ja!;ja! Muffins Schoko & Stracciatella 360g;179;360g (1 kg = 4,97 €)
2024-01-21;702366;ja!;ja! Multifunktionstuch 1 Stück;59;1 Stück
2024-01-21;7897429;ja!;ja! Multivitamin-Saft 1l;145;1l
2024-01-21;8890642;ja!;ja! Multivitaminnektar Light 1,5l;129;1,50l (1 l = 0,86 €)
2024-01-21;7029725;ja!;ja! Muskatnuss gemahlen 50g;129;50g (1 kg = 25,80 €)
2024-01-21;2773176;ja!;ja! Müllbeutel mit Tragegriff 50l 20 Stück;55;20 Stück
2024-01-21;119149;ja!;ja! Müllbeutel mit Zugband 60l, 30 Stück;165;30 Stück
2024-01-21;1947887;ja!;ja! Mülleimer-Beutel + Tragegriff 35l, 25 Stück;119;25 Stück
2024-01-21;1098419;ja!;ja! Mülleimer-Beutel mit Tragegriff 25l, 30 Stück;65;30 Stück
2024-01-21;2825703;ja!;ja! Müllsäcke 120l, 20 Stück;299;20 Stück
2024-01-21;8083764;ja!;ja! Müllsäcke 30l mit Zugband 25 Stück;199;NaN
2024-01-21;8303970;ja!;ja! Müllsäcke 60l mit Zugbeutel 25 Stück;249;25 Stück
2024-01-21;7227354;ja!;ja! Müsli-Riegel Schoko ohne Zuckerzusatz 8x25g;139;8x25g (1 kg = 6,95 €)
2024-01-21;7228581;ja!;ja! Müsli-Riegel Schokolade 8x25g;139;8x25g (1 kg = 6,95 €)
2024-01-21;7224856;ja!;ja! Müsli-Riegel Schokolade-Banane 8x25g;139;8x25g (1 kg = 6,95 €)
2024-01-21;8284572;ja!;ja! Müsliriegel Haselnuss ohne Zuckerzusatz 8x25g;139;8x25g (1 kg = 6,95 €)
2024-01-21;8051487;ja!;ja! Nasi Goreng 750g;339;750g (1 kg = 4,52 €)
2024-01-21;2968099;ja!;ja! Natives Rapsöl 500ml;159;500ml (1 l = 3,18 €)
2024-01-21;3195596;ja!;ja! Neapolitaner Waffeln 4x65g;159;4x65g (1 kg = 6,12 €)
2024-01-21;7701010;ja!;ja! Nougat Crusher Eis 6 Stück 68ml;239;6x68ml (1 l = 5,86 €)
2024-01-21;7959110;ja!;ja! Nougat Hörnchen 240g;149;240g (1 kg = 6,21 €)
2024-01-21;891928;ja!;ja! Nougat-Bits 750g;279;750g (1 kg = 3,72 €)
2024-01-21;8726700;ja!;ja! Nudeltopf in Rahmsauce 63g;89;63g (1 kg = 14,13 €)
2024-01-21;166440;ja!;ja! Nuss-Nougat-Creme 400g;199;400g (1 kg = 4,98 €)
2024-01-21;2317787;ja!;ja! Nussfruchtmischung 200g;169;200g (1 kg = 8,45 €)
2024-01-21;3151703;ja!;ja! Nusskernmischung naturell ungesalzen & ungeröstet 200g;289;200g (1 kg = 14,45 €)
2024-01-21;7709655;ja!;ja! Nussmix geröstet und gesalzen 150g;139;150g (1 kg = 9,27 €)
2024-01-21;7776207;ja!;ja! Nut Flakes 750g;279;750g (1 kg = 3,72 €)
2024-01-21;2949715;ja!;ja! Ofenkäse mild 180g;219;180g (1 kg = 12,17 €)
2024-01-21;2949713;ja!;ja! Ofenkäse würzig 180g;219;180g (1 kg = 12,17 €)
2024-01-21;8075105;ja!;ja! Oliven geschwärzt ohne Stein 160g;119;160g (1 kg = 7,44 €)
2024-01-21;1042253;ja!;ja! Orangeat 100g;59;100g (1 kg = 5,90 €)
2024-01-21;518557;ja!;ja! Orangen Limonade 1,5l;59;1,50l (1 l = 0,39 €)
2024-01-21;7225715;ja!;ja! Orangenlimonade 0% Zucker 1,5l;59;1,50l (1 l = 0,39 €)
2024-01-21;8574094;ja!;ja! Orangennektar 1,5l;169;1,50l (1 l = 1,13 €)
2024-01-21;8595443;ja!;ja! Orangensaft 1l;179;1l
2024-01-21;8596615;ja!;ja! Orangensaft 6x1l;1074;6x1l (1 l = 1,79 €)
2024-01-21;8309744;ja!;ja! Original Nürnberger Rostbratwürstchen 300g;369;300g (1 kg = 12,30 €)
2024-01-21;8778064;ja!;ja! Packband Braun 60 x 50 mm;299;66m (1 m  = 0,05 €)
2024-01-21;8779998;ja!;ja! Packband Transparent 60 x 50 mm;299;66m (1 m  = 0,05 €)
2024-01-21;8455387;ja!;ja! Paella Pfanne mit Meeresfrüchten, Seelachsfilet und Hähnchenbrust 750g;339;750g (1 kg = 4,52 €)
2024-01-21;5905605;ja!;ja! Paniermehl 1kg;159;1000g
2024-01-21;6953115;ja!;ja! Paprika Chips 200g;109;200g (1 kg = 5,45 €)
2024-01-21;8370263;ja!;ja! Paprika Kartoffel-Sticks 125g;89;125g (1 kg = 7,12 €)
2024-01-21;8687364;ja!;ja! Paprika Riffelchips 200g;149;200g (1 kg = 7,45 €)
2024-01-21;8402238;ja!;ja! Paprika Sauce nach ungarischer Art 250ml;99;250ml (1 l = 3,96 €)
2024-01-21;2369960;ja!;ja! Paprika edelsüß 50g;79;50g (1 kg = 15,80 €)
2024-01-21;2373959;ja!;ja! Paprika rosenscharf 50g;79;50g (1 kg = 15,80 €)
2024-01-21;8430452;ja!;ja! Paranusskerne naturell 200g;259;200g (1 kg = 12,95 €)
2024-01-21;7227868;ja!;ja! Parboiled Spitzenreis Langkornreis 1kg;149;1000g
2024-01-21;8724436;ja!;ja! Party Servietten 40 Stück;99;40 Stück
2024-01-21;7224493;ja!;ja! Party-Nüsse Paprika 200g;129;200g (1 kg = 6,45 €)
2024-01-21;8721437;ja!;ja! Pekan-Nusskerne naturbelassen 200g;399;200g (1 kg = 19,95 €)
2024-01-21;7857524;ja!;ja! Penne Gorgonzola mit feinem Blattspinat 750g;269;750g (1 kg = 3,59 €)
2024-01-21;688014;ja!;ja! Penne Rigate 500g;79;500g (1 kg = 1,58 €)
2024-01-21;8100989;ja!;ja! Pesto Rosso 190g;129;190g (1 kg = 6,79 €)
2024-01-21;8101877;ja!;ja! Pesto Verde 190g;129;190g (1 kg = 6,79 €)
2024-01-21;7920165;ja!;ja! Pfeffer schwarz ganz 50g;99;50g (1 kg = 19,80 €)
2024-01-21;8603338;ja!;ja! Pfefferminztaler 250g;139;250g (1 kg = 5,56 €)
2024-01-21;546040;ja!;ja! Pfefferminztee 56g, 25 Beutel;79;56,25g (1 kg = 14,04 €)
2024-01-21;7877758;ja!;ja! Pfirsich-Maracuja Joghurt mild 1kg;249;1kg
2024-01-21;5636507;ja!;ja! Pfirsiche halbe Frucht gezuckert 480g;219;480g (1 kg = 4,56 €)
2024-01-21;7163656;ja!;ja! Pflanzencreme 500ml;139;500ml (1 l = 2,78 €)
2024-01-21;5805198;ja!;ja! Pflanzenmargarine 500g;149;500g (1 kg = 2,98 €)
2024-01-21;7396155;ja!;ja! Pflaumenmus fein gewürzt 450g;139;450g (1 kg = 3,09 €)
2024-01-21;2325000;ja!;ja! Pinienkerne 50g;229;50g (1 kg = 45,80 €)
2024-01-21;8884094;ja!;ja! Pistazien geröstet & ungesalzen 250g;349;250g (1 kg = 13,96 €)
2024-01-21;8623800;ja!;ja! Pizza Teig XXL 550g;139;550g (1 kg = 2,53 €)
2024-01-21;6322298;ja!;ja! Pommes Frites 1kg;189;1000g
2024-01-21;2123526;ja!;ja! Pommes Frites Wellenschnitt 1kg;189;1000g
2024-01-21;8023655;ja!;ja! Popcorn karamellisiert 200g;129;200g (1 kg = 6,45 €)
2024-01-21;726886;ja!;ja! Prinzessbohnen fein 220g;119;220g (1 kg = 5,41 €)
2024-01-21;8457317;ja!;ja! Prospekthüllen DINA4 matt 30 Stück;99;30 Stück
2024-01-21;8130280;ja!;ja! Präge-Servietten weiß 100 Stück;99;100 Stück
2024-01-21;6353371;ja!;ja! Puderzucker 250g;49;250g (1 kg = 1,96 €)
2024-01-21;7825341;ja!;ja! Pusztasalat 190g;79;190g (1 kg = 4,16 €)
2024-01-21;7877621;ja!;ja! Pute-Ei Sandwich 185g;199;185g (1 kg = 10,76 €)
2024-01-21;5966590;ja!;ja! Putenbrustfilet 100g;139;100g (1 kg = 13,90 €)
2024-01-21;7942517;ja!;ja! Putenbrustfilet gepökelt, gebacken 150g;239;150g (1 kg = 15,93 €)
2024-01-21;2424540;ja!;ja! Putengeschnetzeltes mit Spätzle und Gemüse 480g;249;480g (1 kg = 5,19 €)
2024-01-21;8940125;ja!;ja! Raclette Käse in Scheiben 400g;399;400g
2024-01-21;5249473;ja!;ja! Raffinade-Zucker 1kg;149;1000g
2024-01-21;8006862;ja!;ja! Rahm-Blumenkohl mild gewürzt 500g;169;500g (1 kg = 3,38 €)
2024-01-21;8663407;ja!;ja! Rahm-Kaisergemüse 500g;169;500g (1 kg = 3,38 €)
2024-01-21;207470;ja!;ja! Rahmspinat 450g;79;450g (1 kg = 1,76 €)
2024-01-21;2916063;ja!;ja! Recycling Toilettenpapier 2-lagig 8x200 Blatt;245;NaN
2024-01-21;5724546;ja!;ja! Reine Buttermilch 500g;59;500g (1 kg = 1,18 €)
2024-01-21;7049625;ja!;ja! Reines Pflanzenfett 1kg;259;1000g
2024-01-21;6801447;ja!;ja! Reines Rapsöl 1l;139;1l
2024-01-21;1312921;ja!;ja! Remoulade 500ml;179;500ml (1 l = 3,58 €)
2024-01-21;8592341;ja!;ja! Rinder Fond 400ml;129;400ml (1 l = 3,23 €)
2024-01-21;2432152;ja!;ja! Rinder Minutensteak 320g;499;320g (1 kg = 15,59 €)
2024-01-21;8661897;ja!;ja! Rinder- Hüftsteak ca. 250g;500;1 Stück ca. 250 g (1 kg = 19,98 €)
2024-01-21;7856511;ja!;ja! Rinder- Rumpsteak ca. 250g;500;1 Stück ca. 250 g (1 kg = 19,99 €)
2024-01-21;7978794;ja!;ja! Rinder-Hackfleisch 500g;479;500g (1 kg = 9,58 €)
2024-01-21;9030474;ja!;ja! Rindergulasch aus der Keule 500g;699;500g (1 kg = 13,98 €)
2024-01-21;8965768;ja!;ja! Rinderrouladen 500g;699;500g (1 kg = 13,98 €)
2024-01-21;8626135;ja!;ja! Rindfleisch 500g;579;500g (1 kg = 11,58 €)
2024-01-21;2432136;ja!;ja! Rindfleisch-Hamburger 400g;399;400g (1 kg = 9,98 €)
2024-01-21;5350450;ja!;ja! Roggenvollkornbrot 500g;119;500g (1 kg = 2,38 €)
2024-01-21;7125770;ja!;ja! Rosenkohl tiefgefroren 1kg;219;1000g
2024-01-21;8502432;ja!;ja! Rostbratwürstchen in würziger Sauce mit Kartoffelpüree und Weinsauerkraut 480g;249;480g (1 kg = 5,19 €)
2024-01-21;7105464;ja!;ja! Rote Bete Scheiben 430g;79;430g (1 kg = 1,84 €)
2024-01-21;8671841;ja!;ja! Rote Grütze 500g;199;500g (1 kg = 3,98 €)
2024-01-21;8705451;ja!;ja! Rote Paprika in Streifen 165g;79;165g (1 kg = 4,79 €)
2024-01-21;1407265;ja!;ja! Rotkohl mit Apfelstücken 680g;119;650g (1 kg = 1,75 €)
2024-01-21;2594349;ja!;ja! Räucherlachs 200g;499;200g (1 kg = 24,95 €)
2024-01-21;7948844;ja!;ja! Rösti-Ecken 750g;199;750g (1 kg = 2,65 €)
2024-01-21;7163701;ja!;ja! Saftige Brocken 3 Sorten 1240g;159;1240g (1 kg = 1,28 €)
2024-01-21;7180200;ja!;ja! Saftige Brocken mit Geflügel 1240g;159;1240g (1 kg = 1,28 €)
2024-01-21;3101035;ja!;ja! Saftige Pastete mit Huhn 100g;30;100g (1 kg = 3 €)
2024-01-21;3101039;ja!;ja! Saftige Pastete mit Lachs 100g;30;100g (1 kg = 3 €)
2024-01-21;3156228;ja!;ja! Saftige Pastete mit Rind & Leber 300g;75;300g (1 kg = 2,50 €)
2024-01-21;3101033;ja!;ja! Saftige Pastete mit Rind 100g;30;100g (1 kg = 3 €)
2024-01-21;3156235;ja!;ja! Saftige Pastete mit Wild & Geflügel 300g;75;300g (1 kg = 2,50 €)
2024-01-21;3101038;ja!;ja! Saftige Pastete mit Wild 100g;30;100g (1 kg = 3 €)
2024-01-21;8615903;ja!;ja! Sahne Caramel Bonbons 200g;129;200g (1 kg = 6,45 €)
2024-01-21;7938679;ja!;ja! Sahne Pudding Schoko 200g;49;200g (1 kg = 2,45 €)
2024-01-21;8529987;ja!;ja! Sahne Pudding Vanillegeschmack 200g;49;200g (1 kg = 2,45 €)
2024-01-21;7204582;ja!;ja! Sahne-Heringsfilets 400g;189;400g (1 kg = 4,73 €)
2024-01-21;1074424;ja!;ja! Sahnekefir mild Erdbeere 250g;65;250g (1 kg = 2,60 €)
2024-01-21;1074428;ja!;ja! Sahnekefir mild Heidelbeere 250g;65;250g (1 kg = 2,60 €)
2024-01-21;1074426;ja!;ja! Sahnekefir mild Kirsche 250g;65;250g (1 kg = 2,60 €)
2024-01-21;1074421;ja!;ja! Sahnekefir mild Pfirsich-Maracuja 250g;65;250g (1 kg = 2,60 €)
2024-01-21;8114559;ja!;ja! Sahnemeerrettich 135g;89;135g (1 kg = 6,59 €)
2024-01-21;8894658;ja!;ja! Salami Pur Porc 250g;299;250g (1 kg = 11,96 €)
2024-01-21;7043484;ja!;ja! Salami Sticks Classic 100g;199;100g (1 kg = 19,90 €)
2024-01-21;7042886;ja!;ja! Salami Sticks Pikant 100g;199;100g (1 kg = 19,90 €)
2024-01-21;8625024;ja!;ja! Salami-Käse Sandwich 185g;199;185g (1 kg = 10,76 €)
2024-01-21;8116265;ja!;ja! Salatcreme mit 29,5 % Rapsöl 500ml;149;500ml (1 l = 2,98 €)
2024-01-21;2386813;ja!;ja! Salatkräuter gefriergetrocknet 25g;119;25g (1 kg = 47,60 €)
2024-01-21;3271282;ja!;ja! Salatmayonnaise 50% 500ml;149;500ml (1 l = 2,98 €)
2024-01-21;7738910;ja!;ja! Salted Caramel Bits 500g;279;500g (1 kg = 5,58 €)
2024-01-21;8260720;ja!;ja! Salted Chips 200g;109;200g (1 kg = 5,45 €)
2024-01-21;6878636;ja!;ja! Salzstangen mit Meersalz 250g;69;250g (1 kg = 2,76 €)
2024-01-21;7122765;ja!;ja! Sandwich Eis Classic 8x90ml;199;8x90ml (1 l = 2,76 €)
2024-01-21;7121696;ja!;ja! Sandwich Eis Fürst Pückler Art 8x90ml;199;8x90ml (1 l = 2,76 €)
2024-01-21;8868949;ja!;ja! Sandwich Trio Pute Käse Ei 220g;219;220g (1 kg = 9,95 €)
2024-01-21;8059338;ja!;ja! Saucenbinder für dunkle Saucen 250g;79;250g (1 kg = 3,16 €)
2024-01-21;7011318;ja!;ja! Sauerkirschen entsteint & gezuckert 350g;199;350g (1 kg = 5,69 €)
2024-01-21;4507940;ja!;ja! Saure Sahne 200g;65;200g (1 kg = 3,25 €)
2024-01-21;8100477;ja!;ja! Schaschlikspieße 20cm 125 Stück;149;125 Stück
2024-01-21;1311131;ja!;ja! Scheuermilch mit Zitrusfrische 750ml;85;750ml (1 l = 1,13 €)
2024-01-21;8895117;ja!;ja! Schinkenbockwurst 500g;399;500g (1 kg = 7,98 €)
2024-01-21;6320406;ja!;ja! Schinkenwürfel 2x125g;259;2x125g (1 kg = 10,36 €)
2024-01-21;64840;ja!;ja! Schlagsahne 200g;99;200g (1 kg = 4,95 €)
2024-01-21;7719055;ja!;ja! Schlemmerfilet knusprig & kross MSC 400g;279;400g (1 kg = 6,98 €)
2024-01-21;8499439;ja!;ja! Schlemmergulasch in Sauce mit Nudeln und Gemüse 480g;249;480g (1 kg = 5,19 €)
2024-01-21;3156240;ja!;ja! Schlemmerkern Pastete Huhn, Karotte und Nudeln 300g;75;300g (1 kg = 2,50 €)
2024-01-21;7210181;ja!;ja! Schlemmermahlzeit in feiner Sauce 400g;79;400g (1 kg = 1,98 €)
2024-01-21;873322;ja!;ja! Schlemmermahlzeit mit Herz und Geflügel 400g;79;400g (1 kg = 1,98 €)
2024-01-21;874949;ja!;ja! Schlemmermahlzeit mit fünf leckeren Sorten 400g;79;400g (1 kg = 1,98 €)
2024-01-21;8187819;ja!;ja! Schmand 200g;89;200g (1 kg = 4,45 €)
2024-01-21;43593;ja!;ja! Schmelzkäse sahnig 200g;159;200g (1 kg = 7,95 €)
2024-01-21;8130752;ja!;ja! Schmelzkäsescheiben Allgäuer Art 250g;169;250g (1 kg = 6,76 €)
2024-01-21;8231192;ja!;ja! Schmelzkäsescheiben Toast 250g;169;250g (1 kg = 6,76 €)
2024-01-21;8135665;ja!;ja! Schmelzkäsescheiben mit Chester 250g;169;250g (1 kg = 6,76 €)
2024-01-21;7971810;ja!;ja! Schnellhefter A4 in 10 Farben 10 Stück;199;10 Stück
2024-01-21;2386812;ja!;ja! Schnittlauch gefriergetrocknet 12,5g;119;12,50g (1 kg = 95,20 €)
2024-01-21;7681830;ja!;ja! Schoko Granduett mit Sahne 190g;59;190g
2024-01-21;3004038;ja!;ja! Schoko Müsli 750g;249;750g (1 kg = 3,32 €)
2024-01-21;8187916;ja!;ja! Schoko-Drink 0,5l;79;0,50l (1 l = 1,58 €)
2024-01-21;1063147;ja!;ja! Schokodessert mit Sahne 200g;39;200g (1 kg = 1,95 €)
2024-01-21;2661883;ja!;ja! Schokoküsse 12 Stück, 300g;179;300g (1 kg = 5,97 €)
2024-01-21;2724101;ja!;ja! Schokolade Ganze Nuss 100g;89;100g (1 kg = 8,90 €)
2024-01-21;7091553;ja!;ja! Schokorosinen 200g;119;200g (1 kg = 5,95 €)
2024-01-21;201418;ja!;ja! Schokotatzen mit Zartbitterschokolade 250g;149;250g (1 kg = 5,96 €)
2024-01-21;2411380;ja!;ja! Schupfnudeln 500g;159;500g (1 kg = 3,18 €)
2024-01-21;702501;ja!;ja! Schwammtuch 5 Stück;95;5 Stück
2024-01-21;2167717;ja!;ja! Schwarze-Johannisbeer-Konfitüre extra 450g;169;450g (1 kg = 3,76 €)
2024-01-21;7009593;ja!;ja! Schwarzwälder Schinken 200g;269;200g (1 kg = 13,45 €)
2024-01-21;8465499;ja!;ja! Schweine Cordon Bleu 670g;599;670g (1 kg = 8,94 €)
2024-01-21;8038162;ja!;ja! Schweine Mini Schnitzel 400g;429;400g (1 kg = 10,73 €)
2024-01-21;8501490;ja!;ja! Schweine Pfannengyros 500g;499;500g (1 kg = 9,98 €)
2024-01-21;8489310;ja!;ja! Schweine Schnitzel Wiener Art 750g;599;750g (1 kg = 7,99 €)
2024-01-21;8615856;ja!;ja! Schweine Schnitzel Wiener Art XXL 500g;499;500g (1 kg = 9,98 €)
2024-01-21;5490332;ja!;ja! Schweine-Bratwurst grob 4x100g;259;400g (1 kg = 6,48 €)
2024-01-21;1437254;ja!;ja! Schweine-Geschnetzeltes nach Gyros-Art 500g;399;500g (1 kg = 7,98 €)
2024-01-21;2080731;ja!;ja! Schweine-Minutensteaks aus dem Rücken 400g;349;400g (1 kg = 8,73 €)
2024-01-21;2234973;ja!;ja! Schweine-Nackenkotelett 4 Stück, 700g;499;700g (1 kg = 7,13 €)
2024-01-21;156099;ja!;ja! Schweine-Nackensteak Paprika 4 Stück;657;1 Stück ca. 790 g (1 kg = 8,32 €)
2024-01-21;156100;ja!;ja! Schweine-Nackensteak in Kräutermarinade 4 Stück;657;1 Stück ca. 790 g (1 kg = 8,32 €)
2024-01-21;2080727;ja!;ja! Schweine-Schinkenschnitzel;538;600g (1 kg = 8,97 €)
2024-01-21;2314012;ja!;ja! Schweine-Stielkotelett 700g;499;700g (1 kg = 7,13 €)
2024-01-21;7702698;ja!;ja! Schweinefilet ca. 580g;695;1 Stück ca. 580 g (1 kg = 11,99 €)
2024-01-21;8457562;ja!;ja! Schweinefleisch 500g;399;500g (1 kg = 7,98 €)
2024-01-21;8569068;ja!;ja! Schweineschnitzel 2 Stück 300g;329;300g (1 kg = 10,97 €)
2024-01-21;8669105;ja!;ja! Schwäbische Maultaschen 360g;159;360g (1 kg = 4,42 €)
2024-01-21;273670;ja!;ja! Schältomaten 240g;79;240g (1 kg = 3,29 €)
2024-01-21;7825246;ja!;ja! Selleriesalat fein geraspelt 190g;69;190g (1 kg = 3,63 €)
2024-01-21;8280234;ja!;ja! Senf mittelscharf 200ml;79;200ml (1 l = 3,95 €)
2024-01-21;976498;ja!;ja! Senf mittelscharf 250ml;99;250ml (1 l = 3,96 €)
2024-01-21;7895784;ja!;ja! Senf-Honig Dressing 250ml;99;250ml (1 l = 3,96 €)
2024-01-21;875402;ja!;ja! Servietten champagner 30 Stück;75;1 Stück
2024-01-21;3043328;ja!;ja! Servietten eskimo mint 30 Stück;75;30 Stück
2024-01-21;243078;ja!;ja! Servietten gelb 30 Stück;75;1 Stück
2024-01-21;8130540;ja!;ja! Servietten grün 30 Stück;75;1 Stück
2024-01-21;6966314;ja!;ja! Servietten rot 30 Stück;75;1 Stück
2024-01-21;8130620;ja!;ja! Servietten weiß 30 Stück;75;1 Stück
2024-01-21;8705859;ja!;ja! Silberzwiebeln 190g;79;190g (1 kg = 4,16 €)
2024-01-21;8521348;ja!;ja! Skyr Bourbon-Vanille 500g;169;500g (1 kg = 3,38 €)
2024-01-21;7946352;ja!;ja! Skyr Erdbeere 500g;169;500g (1 kg = 3,38 €)
2024-01-21;7945054;ja!;ja! Skyr Himbeer-Cranberry 500g;169;500g (1 kg = 3,38 €)
2024-01-21;8245760;ja!;ja! Skyr Natur 500g;149;500g (1 kg = 2,98 €)
2024-01-21;7774209;ja!;ja! Snow Flakes 750g;279;750g (1 kg = 3,72 €)
2024-01-21;8294464;ja!;ja! Sofort-Gelatine weiß 30g;99;30g (1 kg = 33 €)
2024-01-21;8196129;ja!;ja! Soft Früchtchen Kaubonbons 500g;199;500g (1 kg = 3,98 €)
2024-01-21;3151969;ja!;ja! Soft-Datteln 250g;249;250g (1 kg = 9,96 €)
2024-01-21;3151944;ja!;ja! Soft-Pflaumen 250g;299;250g (1 kg = 11,96 €)
2024-01-21;7253668;ja!;ja! Sonnen-Mais natursüß 3x140g;229;3x420g (1 kg = 5,45 €)
2024-01-21;5805210;ja!;ja! Sonnenblumenmargarine 500g;149;500g (1 kg = 2,98 €)
2024-01-21;6928242;ja!;ja! Sonnenblumenöl 1l;149;1l
2024-01-21;8472969;ja!;ja! Sonntagsbrötchen 330g, 6 Stück;159;330g (1 kg = 4,82 €)
2024-01-21;8832074;ja!;ja! Sonntagsbrötchen 560g;129;560g (1 kg = 2,30 €)
2024-01-21;687999;ja!;ja! Spaghetti 500g;79;500g (1 kg = 1,58 €)
2024-01-21;8015566;ja!;ja! Spaghetti Arrabbiata 385g;149;385g (1 kg = 3,87 €)
2024-01-21;8923624;ja!;ja! Spaghetti Bolognese 350g;249;350g (1 kg = 7,11 €)
2024-01-21;8924618;ja!;ja! Spaghetti Carbonara 350g;249;350g (1 kg = 7,11 €)
2024-01-21;2309834;ja!;ja! Spaghetti Eis 3x167ml;179;3x167ml (1 l = 3,57 €)
2024-01-21;2696946;ja!;ja! Spaghetti mit Tomatensauce 400g;159;400g (1 kg = 3,98 €)
2024-01-21;1262377;ja!;ja! Spaghettigericht Käse-Sauce 315g;159;315g (1 kg = 5,05 €)
2024-01-21;8779675;ja!;ja! Spargelabschnitte mit Köpfen 170g;129;170g (1 kg = 7,59 €)
2024-01-21;7845627;ja!;ja! Speiseeis nach Fürst Pückler Art 2500ml;369;2500ml (1 l = 1,48 €)
2024-01-21;9393935;ja!;ja! Speisequark 20% Fett i. Tr. 250g;85;250g (1 kg = 3,40 €)
2024-01-21;9394010;ja!;ja! Speisequark 250g;95;250g (1 kg = 3,80 €)
2024-01-21;7915060;ja!;ja! Speisequark Magerstufe 250g;70;250g (1 kg = 2,80 €)
2024-01-21;9393595;ja!;ja! Speisequark Magerstufe 500g;135;500g (1 kg = 2,70 €)
2024-01-21;5819130;ja!;ja! Spezial-Salz grobkörnig 2kg;80;2kg (1 kg = 0,40 €)
2024-01-21;8187959;ja!;ja! Sprühsahne 250ml;199;250ml (1 l = 7,96 €)
2024-01-21;8531592;ja!;ja! Sprühsahne Fettreduziert 250ml;199;250ml (1 l = 7,96 €)
2024-01-21;6564984;ja!;ja! Spätzle Frischei Nudeln 500g;149;500g (1 kg = 2,98 €)
2024-01-21;702528;ja!;ja! Spül- & Haushaltstuch 6 Stück;95;6 Stück
2024-01-21;8300853;ja!;ja! Spülbürste rund 1 Stück;79;1 Stück
2024-01-21;8060267;ja!;ja! Spülmittel Acai Blaubeere 500ml;95;500ml (1 l = 1,90 €)
2024-01-21;8336275;ja!;ja! Spülmittel Sweet Orange 500ml;95;500ml (1 l = 1,90 €)
2024-01-21;8659316;ja!;ja! Stabfeuerzeug nachfüllbar 1 Stück;155;1 Stück
2024-01-21;585106;ja!;ja! Stangenspargel 205g;199;205g (1 kg = 9,71 €)
2024-01-21;6475973;ja!;ja! Stapelchips Paprika 175g;169;175g (1 kg = 9,66 €)
2024-01-21;1091822;ja!;ja! Stapelchips Sour Cream & Onion 175g;169;175g (1 kg = 9,66 €)
2024-01-21;7916381;ja!;ja! Steinofen Baguette 250g;119;250g (1 kg = 4,76 €)
2024-01-21;8378374;ja!;ja! Steinofen Pizza 4 Formaggi 2X340g;359;2x340g (1 kg = 5,28 €)
2024-01-21;8089206;ja!;ja! Steinofen Pizza Margherita 3x300g;299;3x300g (1 kg = 3,32 €)
2024-01-21;8377055;ja!;ja! Steinofen Pizza Speciale 2 Stück;359;2x330g (1 kg = 5,44 €)
2024-01-21;8021080;ja!;ja! Steinofen Pizza Thunfisch 2x355g;359;2x355g (1 kg = 5,06 €)
2024-01-21;8889158;ja!;ja! Stieleis Mini Mandel 12x50ml;299;12x50ml (1 l = 4,98 €)
2024-01-21;8625357;ja!;ja! Stracciatella Joghurt mild 1kg;249;1kg
2024-01-21;2662089;ja!;ja! Streichgut gesalzen 250g;149;250g (1 kg = 5,96 €)
2024-01-21;2662082;ja!;ja! Streichgut ungesalzen 250g;149;250g (1 kg = 5,96 €)
2024-01-21;8431040;ja!;ja! Streichhölzer 3er Pack 100 Stück;69;3x100 Stück
2024-01-21;7794486;ja!;ja! Stumpenkerze 110mm elfenbein;179;1 Stück
2024-01-21;8819490;ja!;ja! Stumpenkerze 110mm rot;179;1 Stück
2024-01-21;7794987;ja!;ja! Stumpenkerze 110mm weiß;179;1 Stück
2024-01-21;1008597;ja!;ja! Sultaninen 250g;99;250g (1 kg = 3,96 €)
2024-01-21;7073947;ja!;ja! Super Sweet Gemüsemais 285g;99;285g (1 kg = 3,47 €)
2024-01-21;9689079;ja!;ja! Super-Soft Toilettenpapier 4-lagig 10x160 Blatt;395;NaN
2024-01-21;791627;ja!;ja! Super-Soft Toilettenpapier 4-lagig 16x160 Blatt;629;NaN
2024-01-21;2290213;ja!;ja! Suppengemüse 1kg;159;1000g
2024-01-21;2388262;ja!;ja! Suppengrün Gewürzmischung 35g;119;35g (1 kg = 34 €)
2024-01-21;7772289;ja!;ja! Süßstoff 300ml;89;300ml (1 l = 2,97 €)
2024-01-21;9703764;ja!;ja! Süßstoff Tabletten 1200 Stück;119;1200 Stück
2024-01-21;8246771;ja!;ja! Tafelmeerrettich 140g;89;140g (1 kg = 6,36 €)
2024-01-21;8043572;ja!;ja! Tafelsalz 500g;25;500g (1 kg = 0,50 €)
2024-01-21;3139867;ja!;ja! Taschentücher 4-lagig 30x10 Stück;275;30x10 Stück
2024-01-21;7203709;ja!;ja! Taschentücher super-soft 4-lagig 15x10 Stück;165;15x10 Stück
2024-01-21;7894188;ja!;ja! Tee Fruchtiger Apfel 75g;129;75g (1 kg = 17,20 €)
2024-01-21;8884938;ja!;ja! Teegetränk Waldfrucht 400g;199;400g (1 kg = 4,98 €)
2024-01-21;8881363;ja!;ja! Teegtränk Pfirsich 400g;199;400g (1 kg = 4,98 €)
2024-01-21;8692206;ja!;ja! Teelichter 100 Stück;499;100 Stück
2024-01-21;7834305;ja!;ja! Teelichter 50 Stück;265;50 Stück
2024-01-21;1979570;ja!;ja! Thai-Suppe 400ml;139;400ml (1 l = 3,48 €)
2024-01-21;8622326;ja!;ja! Thunfisch Sandwich 185g;199;185g (1 kg = 10,76 €)
2024-01-21;8496746;ja!;ja! Thunfisch mit Gemüse in Dressing 150g;129;150g (1 kg = 8,60 €)
2024-01-21;2063281;ja!;ja! Thunfischfilets in Sonnenblumenöl 140g;149;140g (1 kg = 10,64 €)
2024-01-21;2063277;ja!;ja! Thunfischfilets in eigenem Saft geschnitten 150g;149;150g (1 kg = 9,93 €)
2024-01-21;8055493;ja!;ja! Tilsiter in Scheiben 400g;279;400g (1 kg = 6,98 €)
2024-01-21;5499259;ja!;ja! Tissue-Toilettenpapier 3-lagig 10x200 Blatt;359;10x200 Stück
2024-01-21;7979584;ja!;ja! Tissue-Toilettenpapier 3-lagig 16x200 Blatt;569;NaN
2024-01-21;8577910;ja!;ja! Toastbrot Weizenvollkornsandwich 750g;139;750g (1 kg = 1,85 €)
2024-01-21;3280994;ja!;ja! Tomate-Basilikum Pasta-Sauce 400g;159;400ml (1 l = 3,98 €)
2024-01-21;973336;ja!;ja! Tomaten fein gehackt in Tomatensaft 400g;79;400g (1 kg = 1,98 €)
2024-01-21;6467555;ja!;ja! Tomaten geschält 480g;119;480g (1 kg = 2,48 €)
2024-01-21;5636442;ja!;ja! Tomaten passiert 500g;79;500g (1 kg = 1,58 €)
2024-01-21;1206383;ja!;ja! Tomaten-Cremesuppe 400ml;119;400ml (1 l = 2,98 €)
2024-01-21;7291190;ja!;ja! Tomaten-Ketchup 500ml;179;500ml (1 l = 3,58 €)
2024-01-21;897016;ja!;ja! Tomatenketchup mit Zucker & Süßungsmittel 500ml;179;500ml (1 l = 3,58 €)
2024-01-21;7724372;ja!;ja! Tomatenmark 140g;99;140g (1 kg = 7,07 €)
2024-01-21;5944481;ja!;ja! Tomatenmark 3-fach konzentriert 200g;109;200g (1 kg = 5,45 €)
2024-01-21;8746686;ja!;ja! Tomatenmark 70g;59;70g (1 kg = 8,43 €)
2024-01-21;8515630;ja!;ja! Tortellini in Sahnesauce 400g;189;400g (1 kg = 4,73 €)
2024-01-21;8915608;ja!;ja! Tortelloni Käse-Sahne 750g;269;750g (1 kg = 3,59 €)
2024-01-21;688048;ja!;ja! Tortelloni Prosciutto 250g;99;250g (1 kg = 3,96 €)
2024-01-21;2272449;ja!;ja! Tortelloni Ricotta Spinat 250g;99;250g (1 kg = 3,96 €)
2024-01-21;2006476;ja!;ja! Tortenguss klar 6x12g;55;6x12g (1 kg = 7,64 €)
2024-01-21;2006457;ja!;ja! Tortenguss rot 6x12g;55;6x12g (1 kg = 7,64 €)
2024-01-21;2502892;ja!;ja! Tortilla Chips Nacho Cheese 300g;149;300g (1 kg = 4,97 €)
2024-01-21;8687753;ja!;ja! Tortilla Chips Paprika 300g;149;300g (1 kg = 4,97 €)
2024-01-21;3043322;ja!;ja! Tortilla Chips mit Salz 300g;149;300g (1 kg = 4,97 €)
2024-01-21;476186;ja!;ja! Trauben-Nuss-Müsli Vollkorn 1kg;229;1000g
2024-01-21;1478286;ja!;ja! Trockenbackhefe 6x7g;75;6x7g (1 kg = 17,86 €)
2024-01-21;7946294;ja!;ja! Trockenpflaumen 500g;499;500g (1 kg = 9,98 €)
2024-01-21;8281200;ja!;ja! Universalverschlüsse 10 Stück;149;10 Stück
2024-01-21;1063151;ja!;ja! Vanilladessert mit Sahne 200g;39;200g (1 kg = 1,95 €)
2024-01-21;7906574;ja!;ja! Vanille Creme 500g;165;500g (1 kg = 3,30 €)
2024-01-21;8369554;ja!;ja! Vanille Erdbeer Hörnchen 6x120ml;199;6x120ml (1 l = 2,76 €)
2024-01-21;7728629;ja!;ja! Vanille Granduett mit Sahne 190g;59;190g (1 kg = 3,11 €)
2024-01-21;8370556;ja!;ja! Vanille Haselnuss Hörnchen 6 Stück;199;6x120ml (1 l = 2,76 €)
2024-01-21;8886235;ja!;ja! Vanille Hörnchen 6x120ml;199;6x120ml (1 l = 2,76 €)
2024-01-21;1478252;ja!;ja! Vanillinzucker 15x8g;45;15x8g (1 kg = 3,75 €)
2024-01-21;8090834;ja!;ja! Versandtaschen DIN C4 ohne Fenster 10 Stück;219;10 Stück
2024-01-21;706663;ja!;ja! Vlies- und Scheuertuch;69;1 Stück
2024-01-21;7734626;ja!;ja! Vollkorn Tortillas 372g;129;372g (1 kg = 3,47 €)
2024-01-21;8357472;ja!;ja! Vollkorntoastbrot 500g;99;500g (1 kg = 1,98 €)
2024-01-21;7698252;ja!;ja! Vollmilch Schoko Waffelröllchen 125g;159;125g
2024-01-21;8912235;ja!;ja! Vollmilch Schokokeks 125g;99;125g (1 kg = 7,92 €)
2024-01-21;8909742;ja!;ja! Vollmilch Schokowaffeln 175g;199;175g (1 kg = 11,37 €)
2024-01-21;5880459;ja!;ja! Vollmilch-Joghurt 4x150g;99;4x150g (1 kg = 1,65 €)
2024-01-21;8152779;ja!;ja! Vollwaschmittel 1,1l 20WL;325;1,10l (1 l = 2,95 €)
2024-01-21;7997199;ja!;ja! Vollwaschmittel Pulver 5,2kg 80WL;1099;5,20kg (1 kg = 2,11 €)
2024-01-21;7176034;ja!;ja! Vollwaschmittel Super-Kompakt 2,02kg, 30WL;489;2,02kg (1 kg = 2,42 €)
2024-01-21;2345760;ja!;ja! WC-Duftstein Limonenfrische 3x55ml;95;3x55ml (1 l = 5,76 €)
2024-01-21;2345761;ja!;ja! WC-Duftstein Meeresfrische 3x55ml;95;3x55ml (1 l = 5,76 €)
2024-01-21;8421295;ja!;ja! WC-Reiniger Tabs 400g;179;400g (1 kg = 4,48 €)
2024-01-21;7264842;ja!;ja! Wachsbrechbohnen mittelfein 360g;99;360g (1 kg = 2,75 €)
2024-01-21;7856940;ja!;ja! Waffelriegel 5x34,5g;169;5x34,50g (1 kg = 9,80 €)
2024-01-21;201434;ja!;ja! Waffelröllchen 200g;139;200g (1 kg = 6,95 €)
2024-01-21;8605199;ja!;ja! Waldbeere Tee 62,5g, 25 Beutel;129;62,50g (1 kg = 20,64 €)
2024-01-21;7846313;ja!;ja! Waldhonig würzig-dunkel 500g;319;500g (1 kg = 6,38 €)
2024-01-21;1008842;ja!;ja! Walnüsse ganze Kerne 200g;259;200g (1 kg = 12,95 €)
2024-01-21;7678412;ja!;ja! Walnüsse in der Schale 500g;199;500g (1 kg = 3,98 €)
2024-01-21;7848384;ja!;ja! Weichweizengriess 500g;65;500g (1 kg = 1,30 €)
2024-01-21;497381;ja!;ja! Wein-Branntwein-Essig hell 1l;55;1l
2024-01-21;3820076;ja!;ja! Weinsauerkraut 500g;79;500g (1 kg = 1,58 €)
2024-01-21;7817127;ja!;ja! Weisse Bohnen mit Suppengrün 530g;99;530g (1 kg = 1,87 €)
2024-01-21;8623170;ja!;ja! Weizen Baguette 300g;69;300g (1 kg = 2,30 €)
2024-01-21;8696994;ja!;ja! Weizen Toastbrötchen 335g;119;335g (1 kg = 3,55 €)
2024-01-21;8842634;ja!;ja! Weizen Tortillas 372g;129;372g (1 kg = 3,47 €)
2024-01-21;2070128;ja!;ja! Weizenbrötchen 540g;119;540g (1 kg = 2,20 €)
2024-01-21;6729550;ja!;ja! Weizenmehl Type 405 1kg;65;1000g
2024-01-21;547663;ja!;ja! Weiße Schokolade 100g;75;100g (1 kg = 7,50 €)
2024-01-21;8036008;ja!;ja! Western Pfanne 750g;339;750g (1 kg = 4,52 €)
2024-01-21;8560963;ja!;ja! Westfälischer Pumpernickel 500g;99;500g (1 kg = 1,98 €)
2024-01-21;2655152;ja!;ja! Wiener Würstchen 400g;299;8x50g (1 kg = 7,48 €)
2024-01-21;1410799;ja!;ja! Wild-Preiselbeeren 400g;169;400g (1 kg = 4,23 €)
2024-01-21;901819;ja!;ja! Wildlachsfilet tiefgefroren 2x125g;299;250g (1 kg = 11,96 €)
2024-01-21;702820;ja!;ja! Wischtuch 10 Stück;79;10 Stück
2024-01-21;6353606;ja!;ja! Würfelzucker 1kg;169;1kg
2024-01-21;8100302;ja!;ja! Zahnstocher 450 Stück;179;450 Stück
2024-01-21;7695822;ja!;ja! Zartbitter Schokokeks 125g;99;125g (1 kg = 7,92 €)
2024-01-21;6261175;ja!;ja! Zartbitter-Schokolade 100g;75;100g (1 kg = 7,50 €)
2024-01-21;6343171;ja!;ja! Zarte Haferflocken 500g;79;500g (1 kg = 1,58 €)
2024-01-21;4961200;ja!;ja! Zarte Stückchen in feiner Sauce mit Rind & Leber 415g;55;415g (1 kg = 1,33 €)
2024-01-21;6206891;ja!;ja! Zarte Stückchen in feiner Sauce mit Wild & Geflügel 415g;55;415g (1 kg = 1,33 €)
2024-01-21;8618614;ja!;ja! Zaziki 200g;65;200g (1 kg = 3,25 €)
2024-01-21;2815942;ja!;ja! Zaziki 500g;179;500g (1 kg = 3,58 €)
2024-01-21;8078567;ja!;ja! Ziegenkäse in Scheiben Laktosefrei 150g;239;150g (1 kg = 15,93 €)
2024-01-21;7782973;ja!;ja! Ziegenweichkäserolle 180g;219;180g (1 kg = 12,17 €)
2024-01-21;2371188;ja!;ja! Zimt gemahlen 40g;79;40g (1 kg = 19,75 €)
2024-01-21;518204;ja!;ja! Zitronen-Limonade 1,5l;59;1,50l (1 l = 0,39 €)
2024-01-21;518816;ja!;ja! Zitronen-Limonade 6x1,5l;354;6x1,50l (1 l = 0,39 €)
2024-01-21;7248900;ja!;ja! Zitronenlimonade 0% Zucker 1,5l;59;1,50l (1 l = 0,39 €)
2024-01-21;713079;ja!;ja! Zitronentee löslich 400g;199;400g (1 kg = 4,98 €)
2024-01-21;7775023;ja!;ja! Zupfkuchen 1250g;479;1250g (1 kg = 3,83 €)
2024-01-21;2388263;ja!;ja! Zwiebeln Gefriergetrocknet 35g;119;35g (1 kg = 34 €)
2024-01-21;7981351;ja!;ja! entrahmte H-Milch 1l;95;1l
2024-01-21;8288311;ja!;ja! klare Hühnerbrühe 140g;99;140g (1 kg = 7,07 €)
2024-01-21;8125186;ja!;ja! kräftiger Röstkaffee 500g;399;500g (1 kg = 7,98 €)
2024-01-21;8872105;ja!;ja! mini Zitronenröllchen 250g;329;250g (1 kg = 13,16 €)
